1.862595117513607956e-01 1.862595121725232339e-01 1.862594907720931392e-01 1.862640149309273685e-01
5.752359572047565095e-01 5.752359647964180311e-01 5.752360245546781492e-01 5.752361431390322632e-01
9.537230458936629685e-01 9.537230713293536333e-01 9.537231716343850252e-01 9.537232513007605217e-01
1.356198885007381172e+00 1.356198905035795654e+00 1.356198945234704301e+00 1.356198914329032945e+00
1.801692234258170711e+00 1.801692236933401414e+00 1.801692235639225093e+00 1.801692318800395043e+00
2.305349948936680438e+00 2.305349958528989163e+00 2.305350050402758644e+00 2.305350302681240748e+00
2.881616504793517386e+00 2.881616541390883857e+00 2.881616733187902568e+00 2.881617020049974887e+00
3.545866783936086897e+00 3.545866839674466142e+00 3.545867055674034596e+00 3.545867229813230104e+00
4.314679278691469833e+00 4.314679331978326537e+00 4.314679477265957352e+00 4.314679469636041098e+00
5.206798258411311053e+00 5.206798287927184354e+00 5.206798316018638850e+00 5.206798257908419991e+00
6.243888828415104619e+00 6.243888832185854554e+00 6.243888841785819821e+00 6.243889089322183672e+00
7.450645126430966769e+00 7.450645144880276405e+00 7.450645338683985486e+00 7.450645915106514749e+00
8.855689428091436000e+00 8.855689500630857580e+00 8.855689916750318247e+00 8.855690621728824041e+00
1.049221956279466283e+01 1.049221968690483209e+01 1.049222021498962754e+01 1.049222075623764461e+01
1.239876525597989954e+01 1.239876539460319371e+01 1.239876583633796336e+01 1.239876598005611896e+01
1.462011637506279094e+01 1.462011647610803422e+01 1.462011666051808056e+01 1.462011648135049846e+01
1.720813262543201105e+01 1.720813265774232192e+01 1.720813263611234589e+01 1.720813284818085620e+01
2.022414966045994689e+01 2.022414967217837400e+01 2.022414990703446236e+01 2.022415099314265419e+01
2.373798595689119395e+01 2.373798606816003698e+01 2.373798684570950002e+01 2.373798849263148725e+01
2.783111719064531897e+01 2.783111744039815250e+01 2.783111864270490088e+01 2.783112021700767968e+01
3.259942825783569020e+01 3.259942859151640704e+01 3.259942981799774486e+01 3.259943064997130335e+01
3.815319712119618600e+01 3.815319742498603972e+01 3.815319820174653387e+01 3.815319804538410153e+01
4.462080106697777637e+01 4.462080123203745075e+01 4.462080136019001486e+01 4.462080107262089967e+01
5.215129303304009056e+01 5.215129305709668728e+01 5.215129312252521032e+01 5.215129460320932253e+01
6.091744819653251852e+01 6.091744829831107921e+01 6.091744937729769305e+01 6.091745268503429145e+01
7.111952700365019098e+01 7.111952739638597620e+01 7.111952971652802091e+01 7.111953386277409095e+01
8.298837547826875038e+01 8.298837616996303268e+01 8.298837925230488111e+01 8.298838283538238159e+01
9.679566854485629790e+01 9.679566938335784698e+01 9.679567233516132774e+01 9.679567413052134839e+01
1.128483403979644351e+02 1.128483411527657552e+02 1.128483430859015471e+02 1.128483427895767193e+02
1.315018227900345948e+02 1.315018232618868126e+02 1.315018238110108371e+02 1.315018228555143196e+02
1.531708739708218161e+02 1.531708741183169025e+02 1.531708739983743044e+02 1.531708757881507097e+02
1.783272920687191743e+02 1.783272921315225972e+02 1.783272932306580572e+02 1.783272990410050056e+02
2.075139473707700972e+02 2.075139477808601782e+02 2.075139512019933932e+02 2.075139603703370312e+02
2.413528301266051415e+02 2.413528311133515274e+02 2.413528370020665079e+02 2.413528483201780830e+02
2.805542415627703008e+02 2.805542431600207465e+02 2.805542511213342323e+02 2.805542632954347368e+02
3.259280104762137853e+02 3.259280126061951819e+02 3.259280220362454088e+02 3.259280340361601134e+02
3.783903918466056098e+02 3.783903943950222128e+02 3.783904047480169197e+02 3.783904160097596900e+02
4.390008166845142910e+02 4.390008195570609359e+02 4.390008305196279252e+02 4.390008410189205961e+02
5.089271298102867149e+02 5.089271329649274662e+02 5.089271445391467523e+02 5.089271547719108639e+02
5.894920622779455925e+02 5.894920657352594162e+02 5.894920782385668190e+02 5.894920891330407358e+02
6.822059141492565004e+02 6.822059179794661077e+02 6.822059319872001879e+02 6.822059448927594758e+02
7.887408093229589667e+02 7.887408136040496629e+02 7.887408298060009884e+02 7.887408464120054532e+02
9.109736224163126508e+02 9.109736271515547514e+02 9.109736460184652742e+02 9.109736680905978119e+02
1.051001141656808386e+03 1.051001146637725469e+03 1.051001167792226852e+03 1.051001196286547838e+03
1.211159005175060884e+03 1.211159009818985851e+03 1.211159031146474945e+03 1.211159064495802340e+03
1.394048417544559243e+03 1.394048420870732343e+03 1.394048437914908618e+03 1.394048470097618520e+03
1.602545813777080866e+03 1.602545820266974033e+03 1.602545847173176526e+03 1.602545883293689030e+03
1.839931114711233931e+03 1.839931118105159612e+03 1.839931127297868670e+03 1.839931131101374376e+03
2.109735249832567206e+03 2.109735250907461705e+03 2.109735257350444499e+03 2.109735275933420326e+03
2.415913137536300837e+03 2.415913144916022247e+03 2.415913177104559509e+03 2.415913225896970744e+03
2.762956953113624877e+03 2.762956960605153654e+03 2.762956988179578275e+03 2.762957019044685694e+03
3.155792674551934397e+03 3.155792676406589180e+03 3.155792679853350364e+03 3.155792679477193360e+03
3.599941237658993487e+03 3.599941239569900972e+03 3.599941249131735731e+03 3.599941271289951601e+03
4.101575145251199501e+03 4.101575153426238103e+03 4.101575189235648395e+03 4.101575245761305268e+03
4.667591475710180930e+03 4.667591486685356358e+03 4.667591531210387984e+03 4.667591592246129949e+03
5.305713412985475770e+03 5.305713421450530404e+03 5.305713452895281989e+03 5.305713490527015892e+03
6.024532342008345040e+03 6.024532345474725844e+03 6.024532355545215978e+03 6.024532363925743084e+03
6.833954739417812561e+03 6.833954739926728507e+03 6.833954739829378013e+03 6.833954740765826500e+03
7.744683589321929503e+03 7.744683592273587237e+03 7.744683604865541383e+03 7.744683628610237065e+03
8.768817601804285005e+03 8.768817609484571221e+03 8.768817642194833752e+03 8.768817694025730816e+03
9.920223368376002327e+03 9.920223379992461560e+03 9.920223428498251451e+03 9.920223500288157084e+03
1.121418433602132791e+04 1.121418434970435192e+04 1.121418440585187818e+04 1.121418448578514108e+04
1.266793178626717236e+04 1.266793180011766344e+04 1.266793185600321704e+04 1.266793193342042468e+04
1.430081959920633744e+04 1.430081961176528966e+04 1.430081966150196604e+04 1.430081972885816867e+04
1.613455114298739136e+04 1.613455115337135794e+04 1.613455119351559188e+04 1.613455124670768237e+04
1.819349634540847183e+04 1.819349635326718635e+04 1.819349638260452775e+04 1.819349642055774530e+04
2.050481540505759040e+04 2.050481541046923667e+04 2.050481542951948722e+04 2.050481545340695448e+04
2.309988073081269613e+04 2.309988073414826431e+04 2.309988074462681834e+04 2.309988075711602505e+04
2.601259823447933741e+04 2.601259824348652910e+04 2.601259827786057213e+04 2.601259832356567858e+04
2.928132127780486553e+04 2.928132129298220025e+04 2.928132135397734237e+04 2.928132143835984971e+04
3.295002172440058348e+04 3.295002174005593406e+04 3.295002180381433573e+04 3.295002189398383780e+04
3.706715814233724814e+04 3.706715815179678611e+04 3.706715818974762078e+04 3.706715824485680059e+04
4.168736019418943033e+04 4.168736019580868015e+04 4.168736020019301213e+04 4.168736020740522508e+04
4.687197485108288674e+04 4.687197485429126391e+04 4.687197486446227413e+04 4.687197487738062773e+04
5.268977987576203304e+04 5.268977988788105722e+04 5.268977993557119771e+04 5.268978000069969858e+04
5.921798407606926048e+04 5.921798409436839574e+04 5.921798416852693481e+04 5.921798427170662762e+04
6.654261500747884565e+04 6.654261502377189754e+04 6.654261508989021240e+04 6.654261518305091886e+04
7.476302020257878758e+04 7.476302020978227665e+04 7.476302023768833897e+04 7.476302027783328958e+04
8.398654473152798892e+04 8.398654473217771738e+04 8.398654473198615597e+04 8.398654473166077514e+04
9.433459349536502850e+04 9.433459350262113730e+04 9.433459352987163584e+04 9.433459356682683574e+04
1.059463338956444495e+05 1.059463339128849184e+05 1.059463339822756679e+05 1.059463340781772567e+05
1.189751105694391008e+05 1.189751105901947740e+05 1.189751106746573496e+05 1.189751107924461394e+05
1.335937758847571968e+05 1.335937758993286116e+05 1.335937759579916892e+05 1.335937760404357687e+05
1.499964165615862294e+05 1.499964165652824158e+05 1.499964165780890035e+05 1.499964165964899876e+05
1.684006100094321591e+05 1.684006100115808949e+05 1.684006100174976164e+05 1.684006100252800679e+05
1.890505879013856465e+05 1.890505879138896707e+05 1.890505879632697615e+05 1.890505880312037480e+05
2.122184621386057988e+05 2.122184621602857951e+05 2.122184622484174615e+05 2.122184623706369894e+05
2.382184615604246792e+05 2.382184615821807529e+05 2.382184616708215035e+05 2.382184617943667981e+05
2.673900969911662978e+05 2.673900970034303609e+05 2.673900970522010466e+05 2.673900971206668182e+05
3.001173359780287137e+05 3.001173359796088771e+05 3.001173359833523864e+05 3.001173359887849074e+05
3.368403120204982115e+05 3.368403120251958608e+05 3.368403120418180479e+05 3.368403120644530864e+05
3.780439853626026888e+05 3.780439853793059592e+05 3.780439854463823722e+05 3.780439855390505400e+05
4.242750012290576706e+05 4.242750012539354502e+05 4.242750013554941397e+05 4.242750014964981237e+05
4.761471499752553646e+05 4.761471499980685767e+05 4.761471500910661416e+05 4.761471502205890138e+05
5.343485025469301036e+05 5.343485025585425319e+05 5.343485026044760598e+05 5.343485026687603677e+05
5.996514149522166699e+05 5.996514149533244781e+05 5.996514149550000438e+05 5.996514149574243929e+05
6.729164052533333888e+05 6.729164052591751097e+05 6.729164052806183463e+05 6.729164053099878365e+05
7.551371749684677925e+05 7.551371749871681677e+05 7.551371750626296271e+05 7.551371751669687219e+05
8.473873711148332804e+05 8.473873711421838962e+05 8.473873712540612323e+05 8.473873714092915179e+05
9.508812234677138040e+05 9.508812234932547435e+05 9.508812235976584489e+05 9.508812237429217203e+05
1.067010572578588035e+06 1.067010572592695476e+06 1.067010572649106150e+06 1.067010572727933759e+06
1.197309011592086637e+06 1.197309011594068957e+06 1.197309011599449674e+06 1.197309011607087217e+06
1.343505197272968013e+06 1.343505197277285391e+06 1.343505197292344412e+06 1.343505197312878212e+06
1.507540116582853487e+06 1.507540116600316251e+06 1.507540116670574527e+06 1.507540116767681669e+06
1.691589651108361315e+06 1.691589651136934524e+06 1.691589651253944263e+06 1.691589651416141074e+06
1.898096214122360107e+06 1.898096214152449276e+06 1.898096214275907027e+06 1.898096214447516482e+06
