5.424986000000000530e-01 5.690866999999999454e-01 5.835339000000000498e-01 5.979134000000000393e-01 6.115745000000000209e-01 6.267606000000000011e-01 6.408059999999999867e-01 6.565634999999999666e-01 6.724059000000000008e-01 6.874789000000000039e-01 nan nan nan nan nan nan nan nan nan nan
5.424986000000000530e-01 5.764991000000000421e-01 5.947668000000000399e-01 6.134089999999999820e-01 6.312320999999999627e-01 6.506163000000000363e-01 6.690852999999999939e-01 6.894428999999999697e-01 7.101134000000000057e-01 7.300619999999999887e-01 7.517546000000000506e-01 7.739645000000000552e-01 nan nan nan nan nan nan nan nan
5.424986000000000530e-01 5.840695000000000192e-01 6.063629999999999853e-01 6.292389000000000454e-01 6.512984000000000551e-01 6.752179999999999849e-01 6.986086000000000240e-01 7.237257999999999747e-01 7.496656000000000430e-01 7.747908999999999491e-01 8.022259999999999946e-01 8.302848000000000450e-01 8.574273000000000033e-01 nan nan nan nan nan nan nan
5.424986000000000530e-01 5.916012999999999966e-01 6.179090999999999889e-01 6.450145999999999935e-01 6.715834999999999999e-01 7.002867000000000397e-01 7.285241000000000078e-01 7.588947000000000331e-01 7.901861999999999497e-01 8.211705999999999728e-01 8.541448999999999847e-01 8.885347000000000106e-01 9.221192999999999751e-01 9.587839999999999696e-01 9.959622000000000197e-01 nan nan nan nan nan
5.424986000000000530e-01 5.990480999999999723e-01 6.292586000000000013e-01 6.606435999999999975e-01 6.918159000000000391e-01 7.250393000000000532e-01 7.584874000000000338e-01 7.940937000000000134e-01 8.310248999999999553e-01 8.676677000000000417e-01 9.073160000000000114e-01 9.478440000000000198e-01 9.886137999999999870e-01 1.031914999999999916e+00 1.077113999999999905e+00 1.121796999999999933e+00 nan nan nan nan
5.424986000000000530e-01 6.059679000000000038e-01 6.401388000000000078e-01 6.753727000000000480e-01 7.107381999999999866e-01 7.487129000000000145e-01 7.869161999999999546e-01 8.276217000000000157e-01 8.703206999999999471e-01 9.124660999999999467e-01 9.584384000000000237e-01 1.006011999999999906e+00 1.053107000000000015e+00 1.104238000000000053e+00 1.157400999999999902e+00 1.210501000000000049e+00 nan nan nan nan
5.424989000000000061e-01 6.124473999999999752e-01 6.499078999999999828e-01 6.893074000000000146e-01 7.288284999999999902e-01 7.711687000000000403e-01 8.138463999999999698e-01 8.596901000000000126e-01 9.072651999999999939e-01 9.552988999999999509e-01 1.006879000000000079e+00 1.061148999999999898e+00 1.114670000000000050e+00 1.172911999999999955e+00 1.233670000000000044e+00 1.294556999999999958e+00 1.360946999999999907e+00 nan nan nan
5.424989000000000061e-01 6.175057000000000462e-01 6.579412000000000038e-01 7.002753000000000450e-01 7.431335000000000024e-01 7.890599000000000363e-01 8.354930000000000412e-01 8.854423000000000155e-01 9.373932000000000375e-01 9.902471999999999941e-01 1.046999000000000013e+00 1.105890000000000040e+00 1.165521999999999947e+00 1.229908999999999919e+00 1.297415999999999903e+00 1.365310000000000024e+00 1.438112999999999975e+00 nan nan nan
5.424989000000000061e-01 6.210634999999999906e-01 6.635233000000000381e-01 7.078333999999999460e-01 7.528167000000000053e-01 8.014320000000000332e-01 8.505473999999999535e-01 9.030850999999999740e-01 9.583709999999999729e-01 1.014240999999999948e+00 1.074669000000000096e+00 1.137591000000000019e+00 1.201173000000000046e+00 1.270002000000000075e+00 1.341795000000000071e+00 1.414104000000000028e+00 1.492774000000000045e+00 nan nan nan
5.424989000000000061e-01 6.230896999999999686e-01 6.667598999999999609e-01 7.123043999999999487e-01 7.585302000000000433e-01 8.084835999999999689e-01 8.591917000000000026e-01 9.136457000000000050e-01 9.706010000000000471e-01 1.028289999999999926e+00 1.090710000000000068e+00 1.155618000000000034e+00 1.221670999999999951e+00 1.293280999999999903e+00 1.368049000000000071e+00 1.443214999999999915e+00 1.524812000000000056e+00 nan nan nan
5.424989000000000061e-01 6.237376000000000031e-01 6.675777000000000516e-01 7.135559000000000207e-01 7.603623999999999938e-01 8.106014000000000275e-01 8.617768999999999568e-01 9.165402999999999745e-01 9.740874999999999950e-01 1.032637000000000027e+00 1.095372999999999930e+00 1.161078000000000054e+00 1.227934000000000081e+00 1.299611000000000072e+00 1.375189999999999912e+00 1.451167000000000096e+00 1.533735999999999988e+00 nan nan nan
5.424986000000000530e-01 6.225384000000000473e-01 6.659372999999999543e-01 7.113228999999999802e-01 7.572474999999999623e-01 8.067904999999999660e-01 8.570733000000000379e-01 9.109137999999999957e-01 9.674367999999999856e-01 1.024466000000000099e+00 1.086108000000000073e+00 1.150114000000000081e+00 1.215735999999999928e+00 1.285511999999999988e+00 1.359161999999999981e+00 1.433260999999999896e+00 1.513690999999999898e+00 nan nan nan
5.424989000000000061e-01 6.189392999999999700e-01 6.604423000000000377e-01 7.035776000000000252e-01 7.471951000000000009e-01 7.939880999999999744e-01 8.413418000000000285e-01 8.924360999999999544e-01 9.452622000000000524e-01 9.990491000000000232e-01 1.056421999999999972e+00 1.116352000000000011e+00 1.176930999999999949e+00 1.242140999999999940e+00 1.310553999999999997e+00 1.378495000000000026e+00 1.452844000000000024e+00 nan nan nan
5.424986000000000530e-01 6.122530000000000472e-01 6.497711999999999932e-01 6.885618999999999490e-01 7.277259999999999840e-01 7.694891999999999843e-01 8.116303999999999741e-01 8.566198000000000423e-01 9.032953999999999706e-01 9.503859000000000057e-01 1.000142000000000087e+00 1.052437000000000067e+00 1.104467000000000088e+00 1.161054999999999948e+00 1.218939999999999912e+00 1.277805999999999997e+00 1.339825000000000044e+00 nan nan nan
5.424986000000000530e-01 6.028449999999999642e-01 6.351980999999999877e-01 6.684214000000000544e-01 7.016474000000000322e-01 7.369599000000000011e-01 7.723073999999999772e-01 8.099172000000000038e-01 8.489567000000000085e-01 8.877363000000000337e-01 9.285512000000000210e-01 9.714874999999999483e-01 1.013471999999999928e+00 1.059131000000000045e+00 1.105971000000000037e+00 1.152487000000000039e+00 1.202026000000000039e+00 nan nan nan
5.424986000000000530e-01 5.939181999999999517e-01 6.210947999999999469e-01 6.491573999999999955e-01 6.767830999999999708e-01 7.066341000000000427e-01 7.355129999999999724e-01 7.667633999999999839e-01 7.988366000000000078e-01 8.303960999999999704e-01 8.640698999999999463e-01 8.988108000000000208e-01 9.330093999999999888e-01 9.695791000000000270e-01 1.007068000000000074e+00 1.044118000000000102e+00 1.083561999999999914e+00 nan nan nan
5.424989000000000061e-01 5.879507999999999956e-01 6.119417999999999802e-01 6.366842999999999808e-01 6.607433999999999807e-01 6.866714999999999902e-01 7.119952999999999976e-01 7.391075000000000284e-01 7.670257000000000325e-01 7.942863000000000007e-01 8.233184000000000058e-01 8.533077999999999497e-01 8.826810999999999963e-01 9.142485000000000195e-01 9.465411000000000241e-01 9.780548999999999493e-01 1.011856000000000089e+00 nan nan nan
5.424989000000000061e-01 5.858128999999999698e-01 6.086650999999999589e-01 6.322191000000000338e-01 6.551871000000000222e-01 6.798788000000000054e-01 7.038210999999999773e-01 7.296772999999999731e-01 7.561902999999999819e-01 7.819593999999999712e-01 8.096259999999999568e-01 8.378902999999999768e-01 8.658050999999999942e-01 8.953128999999999671e-01 9.261361000000000177e-01 9.558459000000000261e-01 9.876049000000000078e-01 nan nan nan
5.424989000000000061e-01 5.853469999999999507e-01 6.081647000000000025e-01 6.313596000000000208e-01 6.540082000000000395e-01 6.785166999999999726e-01 7.022730000000000361e-01 7.278386999999999496e-01 7.538827999999999641e-01 7.795014999999999583e-01 8.069771999999999501e-01 8.351250000000000062e-01 8.624703999999999704e-01 8.917458000000000329e-01 9.218832000000000138e-01 9.516225999999999852e-01 9.830685000000000118e-01 nan nan nan
5.424989000000000061e-01 5.852701000000000153e-01 0.000000000000000000e+00 0.000000000000000000e+00 0.000000000000000000e+00 0.000000000000000000e+00 0.000000000000000000e+00 0.000000000000000000e+00 0.000000000000000000e+00 0.000000000000000000e+00 0.000000000000000000e+00 0.000000000000000000e+00 0.000000000000000000e+00 0.000000000000000000e+00 0.000000000000000000e+00 0.000000000000000000e+00 0.000000000000000000e+00 0.000000000000000000e+00 0.000000000000000000e+00 0.000000000000000000e+00
0.000000000000000000e+00 0.000000000000000000e+00 0.000000000000000000e+00 0.000000000000000000e+00 0.000000000000000000e+00 0.000000000000000000e+00 0.000000000000000000e+00 0.000000000000000000e+00 0.000000000000000000e+00 0.000000000000000000e+00 0.000000000000000000e+00 0.000000000000000000e+00 0.000000000000000000e+00 0.000000000000000000e+00 0.000000000000000000e+00 0.000000000000000000e+00 0.000000000000000000e+00 0.000000000000000000e+00 0.000000000000000000e+00 0.000000000000000000e+00
