1.971972999999999920e-01 1.970067000000000068e-01 9.535391999999999479e-02 2.730167999999999831e-02 2.729173999999999836e-02 4.058250999999999942e-01 2.726343999999999990e-02 4.053975000000000217e-01 9.502926999999999902e-02 4.824052999999999813e-01 7.028933999999999571e+00 7.018693999999999988e+00 7.010118000000000293e+00 6.999645000000000117e+00 6.989046000000000092e+00 6.980178000000000438e+00 6.969350000000000378e+00 6.960282000000000302e+00 6.949209999999999887e+00 6.938020999999999994e+00
1.971972999999999920e-01 3.258582000000000145e-02 3.415719999999999867e-01 4.845574999999999743e-01 2.346746000000000110e-01 2.865365000000000273e-01 3.255133000000000332e-02 5.640027999999999708e-02 2.730642999999999959e-02 1.651839999999999975e-01 4.838127999999999873e-01 2.342365999999999893e-01 6.956184999999999619e+00 6.941483999999999988e+00 6.926642000000000188e+00 6.913549999999999862e+00 6.898461000000000176e+00 6.885159999999999947e+00 6.869803000000000104e+00 6.854334999999999845e+00
1.971972999999999920e-01 1.972187999999999997e-01 6.730353999999999504e-02 9.549871000000000054e-02 8.018176000000000470e-02 9.550575999999999510e-02 4.851045999999999969e-01 9.551105000000000012e-02 4.849877000000000216e-01 9.551535999999999360e-02 4.071405000000000163e-01 3.417310000000000070e-01 9.550511000000000417e-02 6.902065000000000339e+00 6.884354000000000084e+00 6.868411000000000044e+00 6.850446999999999953e+00 6.834287999999999919e+00 6.816041000000000238e+00 6.797679999999999723e+00
1.971972999999999920e-01 1.972764999999999935e-01 4.852455999999999992e-01 4.852682999999999858e-01 1.973617000000000010e-01 9.559098000000000595e-02 4.856105000000000005e-01 4.856274999999999897e-01 2.352087999999999957e-01 2.352844000000000046e-01 1.975161000000000000e-01 4.858222999999999847e-01 1.139951000000000020e-01 8.033215000000000494e-02 7.071091000000000459e-01 6.837430000000000341e+00 6.817496000000000222e+00 6.799381999999999593e+00 6.779164999999999885e+00 6.758827000000000140e+00
1.971972999999999920e-01 4.074019999999999864e-01 1.973443000000000003e-01 4.854592999999999825e-01 2.352218000000000087e-01 1.974865000000000093e-01 4.079324999999999757e-01 2.353889999999999871e-01 7.072426000000000545e-01 4.862866000000000133e-01 4.863494999999999902e-01 7.077250000000000485e-01 4.084923999999999777e-01 1.141592000000000023e-01 3.429956000000000116e-01 5.800573999999999453e-01 6.789190999999999754e+00 6.769421999999999606e+00 6.747529000000000110e+00 6.725524000000000058e+00
1.971972999999999920e-01 4.074535000000000240e-01 9.559673999999999949e-02 8.026669999999999638e-02 9.566471000000000002e-02 7.070195999999999703e-01 2.804945999999999828e-01 7.075147000000000519e-01 4.863653000000000004e-01 5.796654999999999447e-01 4.867010999999999976e-01 2.808569000000000204e-01 4.088431000000000148e-01 2.359273000000000065e-01 6.913979999999999571e-01 4.874534999999999840e-01 6.721148000000000344e+00 6.697587999999999653e+00 6.671875000000000000e+00 6.646065000000000111e+00
1.971972999999999920e-01 5.782500999999999891e-01 2.351586999999999983e-01 4.856609000000000065e-01 1.975616000000000039e-01 4.860441999999999818e-01 4.863058000000000103e-01 4.083325999999999900e-01 1.978140999999999927e-01 1.141893999999999965e-01 4.087482000000000060e-01 4.870357000000000158e-01 6.915021999999999558e-01 4.874076999999999993e-01 6.918275000000000396e-01 6.921895999999999605e-01 3.438102000000000102e-01 6.533989000000000047e+00 6.499950000000000117e+00 6.465914999999999857e+00
1.971972999999999920e-01 3.420828000000000202e-01 1.974191999999999891e-01 1.139320000000000055e-01 4.859796000000000116e-01 4.861124000000000001e-01 2.806198999999999777e-01 3.428416000000000241e-01 2.356946000000000041e-01 2.809264000000000205e-01 4.088544000000000067e-01 1.662717999999999974e-01 6.917160999999999449e-01 4.875708000000000264e-01 4.094005000000000005e-01 6.924555000000000016e-01 4.097307000000000032e-01 6.392356999999999623e+00 6.351331000000000060e+00 6.310423000000000116e+00
1.971972999999999920e-01 5.782909000000000521e-01 3.421895999999999827e-01 7.067318999999999685e-01 1.975969999999999949e-01 3.425821000000000005e-01 4.864260999999999724e-01 3.428750999999999882e-01 7.081435999999999842e-01 5.801093999999999973e-01 2.810387999999999775e-01 6.914360999999999979e-01 3.435509999999999953e-01 4.876553000000000138e-01 2.814290999999999876e-01 2.815871999999999820e-01 6.927803999999999629e-01 6.293282999999999738e+00 6.247517000000000209e+00 6.201960999999999835e+00
1.971972999999999920e-01 4.854554999999999843e-01 4.076384000000000118e-01 7.067480999999999902e-01 2.804104000000000041e-01 4.081134000000000150e-01 7.077735000000000554e-01 4.865851999999999955e-01 4.867239999999999900e-01 7.085869000000000195e-01 4.089347999999999872e-01 6.914835999999999760e-01 6.918781999999999988e-01 6.920720999999999679e-01 4.095126000000000044e-01 4.097446000000000144e-01 4.098576999999999915e-01 6.232097000000000442e+00 6.183480000000000310e+00 6.135127999999999915e+00
1.971972999999999920e-01 4.854575999999999891e-01 4.856013000000000135e-01 7.067544999999999522e-01 7.071671999999999958e-01 5.791488000000000191e-01 7.077849000000000501e-01 7.079904000000000197e-01 7.081943000000000543e-01 4.870154999999999901e-01 6.913057999999999703e-01 6.915029999999999788e-01 5.808195999999999914e-01 5.809836000000000444e-01 6.922888999999999848e-01 6.926830000000000487e-01 5.816398000000000401e-01 6.198616999999999599e+00 6.148455000000000226e+00 6.098596999999999824e+00
1.971972999999999920e-01 5.783007999999999482e-01 7.065447000000000255e-01 7.067565999999999571e-01 7.071699999999999653e-01 7.073774999999999924e-01 7.077890999999999488e-01 7.079954000000000525e-01 7.082000000000000517e-01 7.086097999999999564e-01 6.913122999999999907e-01 6.915094999999999992e-01 6.919070000000000498e-01 6.921030999999999711e-01 6.922975000000000101e-01 6.926932000000000089e-01 6.928864000000000134e-01 6.181944999999999801e+00 6.131029999999999980e+00 6.080429999999999779e+00
1.971972999999999920e-01 7.063401000000000263e-01 7.065517000000000047e-01 7.067573000000000327e-01 7.071714000000000055e-01 7.073789999999999800e-01 7.077906000000000475e-01 7.079967999999999817e-01 7.082015000000000393e-01 7.086118999999999613e-01 6.913143999999999956e-01 6.915122999999999687e-01 6.919098000000000193e-01 6.921059999999999990e-01 6.923011999999999500e-01 6.926961000000000368e-01 6.928900000000000059e-01 6.174068000000000112e+00 6.122786999999999757e+00 6.071843000000000323e+00
1.971972999999999920e-01 7.063401000000000263e-01 7.065517000000000047e-01 7.067580999999999447e-01 7.071714000000000055e-01 7.073789999999999800e-01 7.077913000000000121e-01 7.079974999999999463e-01 7.082022000000000039e-01 7.086126000000000369e-01 6.913152000000000186e-01 6.915130999999999917e-01 6.919106000000000423e-01 6.921066999999999636e-01 6.923019000000000256e-01 6.926974999999999660e-01 6.928914999999999935e-01 6.170379999999999754e+00 6.118932000000000038e+00 6.067820000000000213e+00
1.971972999999999920e-01 7.063401000000000263e-01 7.065517000000000047e-01 7.067580999999999447e-01 7.071714000000000055e-01 7.073789999999999800e-01 7.077913000000000121e-01 7.079974999999999463e-01 7.082028999999999685e-01 7.086126000000000369e-01 6.913158999999999832e-01 6.915137999999999563e-01 6.919113000000000069e-01 6.921074000000000392e-01 6.923025999999999902e-01 6.926974999999999660e-01 6.928914999999999935e-01 6.168568999999999747e+00 6.117045000000000066e+00 6.065847999999999907e+00
1.971972999999999920e-01 7.063401000000000263e-01 7.065517000000000047e-01 7.067580999999999447e-01 7.071714000000000055e-01 7.073789999999999800e-01 7.077913000000000121e-01 7.079974999999999463e-01 7.082028999999999685e-01 7.086126000000000369e-01 6.913158999999999832e-01 6.915137999999999563e-01 6.919113000000000069e-01 6.921074000000000392e-01 6.923025999999999902e-01 6.926974999999999660e-01 6.928914999999999935e-01 6.167761999999999745e+00 6.116198999999999941e+00 6.064964999999999939e+00
1.971972999999999920e-01 4.075217999999999896e-01 2.351897000000000015e-01 7.067580999999999447e-01 7.071714000000000055e-01 7.073789999999999800e-01 7.077913000000000121e-01 7.079974999999999463e-01 7.082028999999999685e-01 7.086126000000000369e-01 5.803300000000000125e-01 6.915137999999999563e-01 6.919113000000000069e-01 6.921074000000000392e-01 6.923025999999999902e-01 6.926974999999999660e-01 6.928914999999999935e-01 6.167791000000000246e+00 6.116221000000000352e+00 6.064987000000000350e+00
1.971972999999999920e-01 4.854590999999999767e-01 4.076432999999999862e-01 9.564936000000000271e-02 6.744237000000000148e-02 9.573302999999999674e-02 4.864573999999999843e-01 1.359709000000000056e-01 7.082028999999999685e-01 4.088338999999999723e-01 8.052760999999999947e-02 3.433951000000000087e-01 1.664103000000000110e-01 6.921074000000000392e-01 3.905700000000000144e-02 6.459768000000000281e-03 8.071100999999999970e-02 6.172068000000000332e+00 6.120681000000000260e+00 6.069622999999999990e+00
1.971972999999999920e-01 8.024559000000000553e-02 2.801684999999999870e-01 6.740285000000000026e-02 4.860314000000000023e-01 6.746211000000000568e-02 9.578902999999999723e-02 1.359709000000000056e-01 4.641996000000000316e-02 4.870219000000000076e-01 8.052760999999999947e-02 4.090682999999999958e-01 9.601073999999999720e-02 5.540890999999999872e-02 4.095349999999999824e-01 8.068822999999999968e-02 8.071100999999999970e-02 6.206945000000000157e+00 6.157068999999999903e+00 6.107469000000000037e+00
1.971972999999999920e-01 8.024559000000000553e-02 0.000000000000000000e+00 0.000000000000000000e+00 0.000000000000000000e+00 0.000000000000000000e+00 0.000000000000000000e+00 0.000000000000000000e+00 0.000000000000000000e+00 0.000000000000000000e+00 0.000000000000000000e+00 0.000000000000000000e+00 0.000000000000000000e+00 0.000000000000000000e+00 0.000000000000000000e+00 0.000000000000000000e+00 0.000000000000000000e+00 0.000000000000000000e+00 0.000000000000000000e+00 0.000000000000000000e+00
0.000000000000000000e+00 0.000000000000000000e+00 0.000000000000000000e+00 0.000000000000000000e+00 0.000000000000000000e+00 0.000000000000000000e+00 0.000000000000000000e+00 0.000000000000000000e+00 0.000000000000000000e+00 0.000000000000000000e+00 0.000000000000000000e+00 0.000000000000000000e+00 0.000000000000000000e+00 0.000000000000000000e+00 0.000000000000000000e+00 0.000000000000000000e+00 0.000000000000000000e+00 0.000000000000000000e+00 0.000000000000000000e+00 0.000000000000000000e+00
