3.162277660168379335e-33
3.981071705534985833e-33
5.011872336272755621e-33
6.309573444801891614e-33
7.943282347242789090e-33
1.000000000000000056e-32
1.258925411794171194e-32
1.584893192461111022e-32
1.995262314968882842e-32
2.511886431509571993e-32
3.162277660168379472e-32
3.981071705534985285e-32
5.011872336272714841e-32
6.309573444801943342e-32
7.943282347242788816e-32
1.000000000000000083e-31
1.258925411794171413e-31
1.584893192461110967e-31
1.995262314968882678e-31
2.511886431509571993e-31
3.162277660168379144e-31
3.981071705534985614e-31
5.011872336272715060e-31
6.309573444801942466e-31
7.943282347242789473e-31
1.000000000000000083e-30
1.258925411794171369e-30
1.584893192461111011e-30
1.995262314968883028e-30
2.511886431509571818e-30
3.162277660168379406e-30
3.981071705534985789e-30
5.011872336272714885e-30
6.309573444801942816e-30
7.943282347242789123e-30
9.999999999999999432e-30
1.258925411794171299e-29
1.584893192461110801e-29
1.995262314968882958e-29
2.511886431509571888e-29
3.162277660168379266e-29
3.981071705534985649e-29
5.011872336272714744e-29
6.309573444801942816e-29
7.943282347242788562e-29
9.999999999999999712e-29
1.258925411794171383e-28
1.584893192461110913e-28
1.995262314968882846e-28
2.511886431509572057e-28
3.162277660168379378e-28
3.981071705534985649e-28
5.011872336272714744e-28
6.309573444801942368e-28
7.943282347242788786e-28
1.000000000000000038e-27
1.258925411794171249e-27
1.584893192461110823e-27
1.995262314968882756e-27
2.511886431509571787e-27
3.162277660168379378e-27
3.981071705534985200e-27
5.011872336272714386e-27
6.309573444801942726e-27
7.943282347242788786e-27
1.000000000000000038e-26
1.258925411794171285e-26
1.584893192461111003e-26
1.995262314968882900e-26
2.511886431509571859e-26
3.162277660168379091e-26
3.981071705534985631e-26
5.011872336272714529e-26
6.309573444801942583e-26
7.943282347242788786e-26
1.000000000000000038e-25
1.258925411794171256e-25
1.584893192461110945e-25
1.995262314968882900e-25
2.511886431509571802e-25
3.162277660168379551e-25
3.981071705534985401e-25
5.011872336272755511e-25
6.309573444801942813e-25
7.943282347242789016e-25
9.999999999999999237e-25
1.258925411794171302e-24
1.584893192461123848e-24
1.995262314968882900e-24
2.511886431509571802e-24
3.162277660168379459e-24
3.981071705534985585e-24
5.011872336272755878e-24
6.309573444801943180e-24
7.943282347242788832e-24
9.999999999999999604e-24
1.258925411794171302e-23
1.584893192461123885e-23
1.995262314968882900e-23
2.511886431509571875e-23
3.162277660168379312e-23
3.981071705534985438e-23
5.011872336272755878e-23
6.309573444801942886e-23
7.943282347242788832e-23
1.000000000000000049e-22
