2.312488511423546004e-03 2.312488511423546004e-03 2.312488511423546004e-03 2.312488511423546004e-03
2.594654785178499967e-03 2.594654785178499967e-03 2.594654785178499967e-03 2.594654785178499967e-03
2.911250551513178218e-03 2.911250551513178218e-03 2.911250551513178218e-03 2.911250551513178218e-03
3.266476843894533175e-03 3.266476843894533175e-03 3.266476843894533175e-03 3.266476843894533175e-03
3.665047299399706686e-03 3.665047299399706686e-03 3.665047299399706686e-03 3.665047299399706686e-03
4.112250705816050157e-03 4.112250705816050157e-03 4.112250705816050157e-03 4.112250705816050157e-03
4.614021180641889736e-03 4.614021180641889736e-03 4.614021180641889736e-03 4.614021180641889736e-03
5.177016913220320975e-03 5.177016913220320975e-03 5.177016913220320975e-03 5.177016913220320975e-03
5.808708514866596506e-03 5.808708514866596506e-03 5.808708514866596506e-03 5.808708514866596506e-03
6.517478149341255668e-03 6.517478149341255668e-03 6.517478149341255668e-03 6.517478149341255668e-03
7.312730759070710726e-03 7.312730759070710726e-03 7.312730759070710726e-03 7.312730759070710726e-03
8.205018863018954597e-03 8.205018863018954597e-03 8.205018863018954597e-03 8.205018863018954597e-03
9.206182582202959708e-03 9.206182582202959708e-03 9.206182582202959708e-03 9.206182582202959708e-03
1.032950675090503999e-02 1.032950675090503999e-02 1.032950675090503999e-02 1.032950675090503999e-02
1.158989719835213858e-02 1.158989719835213858e-02 1.158989719835213858e-02 1.158989719835213858e-02
1.300407854001374604e-02 1.300407854001374604e-02 1.300407854001374604e-02 1.300407854001374604e-02
1.459081610308758138e-02 1.459081610308758138e-02 1.459081610308758138e-02 1.459081610308758138e-02
1.637116493099048664e-02 1.637116493099048664e-02 1.637116493099048664e-02 1.637116493099048664e-02
1.836874917099248425e-02 1.836874917099248425e-02 1.836874917099248425e-02 1.836874917099248425e-02
2.061007555229740773e-02 2.061007555229740773e-02 2.061007555229740773e-02 2.061007555229740773e-02
2.312488511423546264e-02 2.312488511423546264e-02 2.312488511423546264e-02 2.312488511423546264e-02
2.594654785178499706e-02 2.594654785178499706e-02 2.594654785178499706e-02 2.594654785178499706e-02
2.911250551513166682e-02 2.911250551513166682e-02 2.911250551513166682e-02 2.911250551513166682e-02
3.266476843894546706e-02 3.266476843894546706e-02 3.266476843894546706e-02 3.266476843894546706e-02
3.665047299399705472e-02 3.665047299399705472e-02 3.665047299399705472e-02 3.665047299399705472e-02
4.112250705816050678e-02 4.112250705816050678e-02 4.112250705816050678e-02 4.112250705816050678e-02
4.614021180641889736e-02 4.614021180641889736e-02 4.614021180641889736e-02 4.614021180641889736e-02
5.177016913220321842e-02 5.177016913220321842e-02 5.177016913220321842e-02 5.177016913220321842e-02
5.808708514866596506e-02 5.808708514866596506e-02 5.808708514866596506e-02 5.808708514866596506e-02
6.517478149341256188e-02 6.517478149341256188e-02 6.517478149341256188e-02 6.517478149341256188e-02
7.312730759070709685e-02 7.312730759070709685e-02 7.312730759070709685e-02 7.312730759070709685e-02
8.205018863018954944e-02 8.205018863018954944e-02 8.205018863018954944e-02 8.205018863018954944e-02
9.206182582202959708e-02 9.206182582202959708e-02 9.206182582202959708e-02 9.206182582202959708e-02
1.032950675090503895e-01 1.032950675090503895e-01 1.032950675090503895e-01 1.032950675090503895e-01
1.158989719835214066e-01 1.158989719835214066e-01 1.158989719835214066e-01 1.158989719835214066e-01
1.300407854001374430e-01 1.300407854001374430e-01 1.300407854001374430e-01 1.300407854001374430e-01
1.459081610308758103e-01 1.459081610308758103e-01 1.459081610308758103e-01 1.459081610308758103e-01
1.637116493099048387e-01 1.637116493099048387e-01 1.637116493099048387e-01 1.637116493099048387e-01
1.836874917099248494e-01 1.836874917099248494e-01 1.836874917099248494e-01 1.836874917099248494e-01
2.061007555229740773e-01 2.061007555229740773e-01 2.061007555229740773e-01 2.061007555229740773e-01
2.312488511423546056e-01 2.312488511423546056e-01 2.312488511423546056e-01 2.312488511423546056e-01
2.594654785178499568e-01 2.594654785178499568e-01 2.594654785178499568e-01 2.594654785178499568e-01
2.911250551513166474e-01 2.911250551513166474e-01 2.911250551513166474e-01 2.911250551513166474e-01
3.266476843894546289e-01 3.266476843894546289e-01 3.266476843894546289e-01 3.266476843894546289e-01
3.665047299399705749e-01 3.665047299399705749e-01 3.665047299399705749e-01 3.665047299399705749e-01
4.112250705816050123e-01 4.112250705816050123e-01 4.112250705816050123e-01 4.112250705816050123e-01
4.614021180641891262e-01 4.614021180641891262e-01 4.614021180641891262e-01 4.614021180641891262e-01
5.177016913220322536e-01 5.177016913220322536e-01 5.177016913220322536e-01 5.177016913220322536e-01
5.808708514866596229e-01 5.808708514866596229e-01 5.808708514866596229e-01 5.808708514866596229e-01
6.517478149341255911e-01 6.517478149341255911e-01 6.517478149341255911e-01 6.517478149341255911e-01
7.312730759070710240e-01 7.312730759070710240e-01 7.312730759070710240e-01 7.312730759070710240e-01
8.205018863018955777e-01 8.205018863018955777e-01 8.205018863018955777e-01 8.205018863018955777e-01
9.206182582202958598e-01 9.206182582202958598e-01 9.206182582202958598e-01 9.206182582202958598e-01
1.032950675090503756e+00 1.032950675090503756e+00 1.032950675090503756e+00 1.032950675090503756e+00
1.158989719835213927e+00 1.158989719835213927e+00 1.158989719835213927e+00 1.158989719835213927e+00
1.300407854001374597e+00 1.300407854001374597e+00 1.300407854001374597e+00 1.300407854001374597e+00
1.459081610308757826e+00 1.459081610308757826e+00 1.459081610308757826e+00 1.459081610308757826e+00
1.637116493099048276e+00 1.637116493099048276e+00 1.637116493099048276e+00 1.637116493099048276e+00
1.836874917099248217e+00 1.836874917099248217e+00 1.836874917099248217e+00 1.836874917099248217e+00
2.061007555229740440e+00 2.061007555229740440e+00 2.061007555229740440e+00 2.061007555229740440e+00
2.312488511423546278e+00 2.312488511423546278e+00 2.312488511423546278e+00 2.312488511423546278e+00
2.594654785178499345e+00 2.594654785178499345e+00 2.594654785178499345e+00 2.594654785178499345e+00
2.911250551513165696e+00 2.911250551513165696e+00 2.911250551513165696e+00 2.911250551513165696e+00
3.266476843894546622e+00 3.266476843894546622e+00 3.266476843894546622e+00 3.266476843894546622e+00
3.665047299399705860e+00 3.665047299399705860e+00 3.665047299399705860e+00 3.665047299399705860e+00
4.112250705816050456e+00 4.112250705816050456e+00 4.112250705816050456e+00 4.112250705816050456e+00
4.614021180641890041e+00 4.614021180641890041e+00 4.614021180641890041e+00 4.614021180641890041e+00
5.177016913220321648e+00 5.177016913220321648e+00 5.177016913220321648e+00 5.177016913220321648e+00
5.808708514866595785e+00 5.808708514866595785e+00 5.808708514866595785e+00 5.808708514866595785e+00
6.517478149341257243e+00 6.517478149341257243e+00 6.517478149341257243e+00 6.517478149341257243e+00
7.312730759070709574e+00 7.312730759070709574e+00 7.312730759070709574e+00 7.312730759070709574e+00
8.205018863018954889e+00 8.205018863018954889e+00 8.205018863018954889e+00 8.205018863018954889e+00
9.206182582202957931e+00 9.206182582202957931e+00 9.206182582202957931e+00 9.206182582202957931e+00
1.032950675090503978e+01 1.032950675090503978e+01 1.032950675090503978e+01 1.032950675090503978e+01
1.158989719835213883e+01 1.158989719835213883e+01 1.158989719835213883e+01 1.158989719835213883e+01
1.300407854001374552e+01 1.300407854001374552e+01 1.300407854001374552e+01 1.300407854001374552e+01
1.459081610308758137e+01 1.459081610308758137e+01 1.459081610308758137e+01 1.459081610308758137e+01
1.637116493099048498e+01 1.637116493099048498e+01 1.637116493099048498e+01 1.637116493099048498e+01
1.836874917099248350e+01 1.836874917099248350e+01 1.836874917099248350e+01 1.836874917099248350e+01
2.061007555229740618e+01 2.061007555229740618e+01 2.061007555229740618e+01 2.061007555229740618e+01
2.312488511423545745e+01 2.312488511423545745e+01 2.312488511423545745e+01 2.312488511423545745e+01
2.594654785178499878e+01 2.594654785178499878e+01 2.594654785178499878e+01 2.594654785178499878e+01
2.911250551513177598e+01 2.911250551513177598e+01 2.911250551513177598e+01 2.911250551513177598e+01
3.266476843894546533e+01 3.266476843894546533e+01 3.266476843894546533e+01 3.266476843894546533e+01
3.665047299399706304e+01 3.665047299399706304e+01 3.665047299399706304e+01 3.665047299399706304e+01
4.112250705816050811e+01 4.112250705816050811e+01 4.112250705816050811e+01 4.112250705816050811e+01
4.614021180641890396e+01 4.614021180641890396e+01 4.614021180641890396e+01 4.614021180641890396e+01
5.177016913220343497e+01 5.177016913220343497e+01 5.177016913220343497e+01 5.177016913220343497e+01
5.808708514866596317e+01 5.808708514866596317e+01 5.808708514866596317e+01 5.808708514866596317e+01
6.517478149341256710e+01 6.517478149341256710e+01 6.517478149341256710e+01 6.517478149341256710e+01
7.312730759070709041e+01 7.312730759070709041e+01 7.312730759070709041e+01 7.312730759070709041e+01
8.205018863018955244e+01 8.205018863018955244e+01 8.205018863018955244e+01 8.205018863018955244e+01
9.206182582202995945e+01 9.206182582202995945e+01 9.206182582202995945e+01 9.206182582202995945e+01
1.032950675090503978e+02 1.032950675090503978e+02 1.032950675090503978e+02 1.032950675090503978e+02
1.158989719835213918e+02 1.158989719835213918e+02 1.158989719835213918e+02 1.158989719835213918e+02
1.300407854001374517e+02 1.300407854001374517e+02 1.300407854001374517e+02 1.300407854001374517e+02
1.459081610308757888e+02 1.459081610308757888e+02 1.459081610308757888e+02 1.459081610308757888e+02
1.637116493099055106e+02 1.637116493099055106e+02 1.637116493099055106e+02 1.637116493099055106e+02
1.836874917099248421e+02 1.836874917099248421e+02 1.836874917099248421e+02 1.836874917099248421e+02
2.061007555229740547e+02 2.061007555229740547e+02 2.061007555229740547e+02 2.061007555229740547e+02
2.312488511423546242e+02 2.312488511423546242e+02 2.312488511423546242e+02 2.312488511423546242e+02
2.594654785178499878e+02 2.594654785178499878e+02 2.594654785178499878e+02 2.594654785178499878e+02
2.911250551513178380e+02 2.911250551513178380e+02 2.911250551513178380e+02 2.911250551513178380e+02
3.266476843894546960e+02 3.266476843894546960e+02 3.266476843894546960e+02 3.266476843894546960e+02
3.665047299399705594e+02 3.665047299399705594e+02 3.665047299399705594e+02 3.665047299399705594e+02
4.112250705816050527e+02 4.112250705816050527e+02 4.112250705816050527e+02 4.112250705816050527e+02
