1.542499000000000065e+00 1.569086999999999898e+00 1.583533999999999997e+00 1.597912999999999917e+00 1.611574999999999980e+00 1.626760999999999902e+00 1.640805999999999987e+00 1.656563999999999925e+00 1.672406000000000059e+00 1.687478999999999951e+00 nan nan nan nan nan nan nan nan nan nan
1.542499000000000065e+00 1.576499000000000095e+00 1.594767000000000046e+00 1.613409000000000093e+00 1.631232000000000015e+00 1.650616000000000083e+00 1.669084999999999930e+00 1.689443000000000028e+00 1.710112999999999994e+00 1.730061999999999989e+00 1.751754999999999951e+00 1.773965000000000014e+00 nan nan nan nan nan nan nan nan
1.542499000000000065e+00 1.584068999999999949e+00 1.606362999999999985e+00 1.629239000000000104e+00 1.651297999999999933e+00 1.675218000000000096e+00 1.698609000000000036e+00 1.723726000000000091e+00 1.749665999999999944e+00 1.774791000000000007e+00 1.802226000000000106e+00 1.830284999999999940e+00 1.857426999999999939e+00 nan nan nan nan nan nan nan
1.542499000000000065e+00 1.591601000000000043e+00 1.617909000000000042e+00 1.645014999999999894e+00 1.671583999999999959e+00 1.700287000000000104e+00 1.728523999999999949e+00 1.758895000000000097e+00 1.790186000000000055e+00 1.821171000000000095e+00 1.854144999999999932e+00 1.888535000000000075e+00 1.922118999999999911e+00 1.958784000000000081e+00 1.995962000000000014e+00 nan nan nan nan nan
1.542499000000000065e+00 1.599048000000000025e+00 1.629259000000000013e+00 1.660644000000000009e+00 1.691815999999999987e+00 1.725038999999999989e+00 1.758486999999999911e+00 1.794094000000000078e+00 1.831024999999999903e+00 1.867668000000000106e+00 1.907316000000000011e+00 1.947843999999999909e+00 1.988614000000000104e+00 2.031915000000000138e+00 2.077113999999999905e+00 2.121796999999999933e+00 nan nan nan nan
1.542499000000000065e+00 1.605968000000000062e+00 1.640139000000000014e+00 1.675373000000000001e+00 1.710738000000000092e+00 1.748712999999999962e+00 1.786915999999999949e+00 1.827622000000000080e+00 1.870320999999999900e+00 1.912465999999999999e+00 1.958437999999999901e+00 2.006012000000000128e+00 2.053106999999999793e+00 2.104238000000000053e+00 2.157401000000000124e+00 2.210500999999999827e+00 nan nan nan nan
1.542499000000000065e+00 1.612446999999999964e+00 1.649907999999999930e+00 1.689306999999999892e+00 1.728828000000000031e+00 1.771168999999999993e+00 1.813846000000000069e+00 1.859690000000000065e+00 1.907264999999999988e+00 1.955298999999999898e+00 2.006879000000000079e+00 2.061148999999999898e+00 2.114669999999999828e+00 2.172912000000000177e+00 2.233670000000000044e+00 2.294557000000000180e+00 2.360946999999999907e+00 nan nan nan
1.542499000000000065e+00 1.617506000000000110e+00 1.657941000000000109e+00 1.700274999999999981e+00 1.743133000000000044e+00 1.789060000000000095e+00 1.835493000000000041e+00 1.885442000000000062e+00 1.937392999999999921e+00 1.990247000000000099e+00 2.046999000000000013e+00 2.105890000000000040e+00 2.165522000000000169e+00 2.229909000000000141e+00 2.297416000000000125e+00 2.365310000000000024e+00 2.438112999999999975e+00 nan nan nan
1.542499000000000065e+00 1.621064000000000060e+00 1.663523000000000085e+00 1.707832999999999934e+00 1.752817000000000069e+00 1.801431999999999922e+00 1.850546999999999942e+00 1.903084999999999916e+00 1.958371000000000084e+00 2.014241000000000170e+00 2.074669000000000096e+00 2.137591000000000019e+00 2.201172999999999824e+00 2.270001999999999853e+00 2.341794999999999849e+00 2.414104000000000028e+00 2.492773999999999823e+00 nan nan nan
1.542499000000000065e+00 1.623089999999999922e+00 1.666760000000000019e+00 1.712304000000000048e+00 1.758529999999999927e+00 1.808483999999999980e+00 1.859191999999999956e+00 1.913645999999999958e+00 1.970601000000000047e+00 2.028290000000000148e+00 2.090710000000000068e+00 2.155618000000000034e+00 2.221671000000000173e+00 2.293280999999999903e+00 2.368049000000000071e+00 2.443214999999999915e+00 2.524811999999999834e+00 nan nan nan
1.542499000000000065e+00 1.623737999999999904e+00 1.667578000000000005e+00 1.713556000000000079e+00 1.760361999999999982e+00 1.810600999999999905e+00 1.861777000000000015e+00 1.916539999999999910e+00 1.974086999999999925e+00 2.032636999999999805e+00 2.095372999999999930e+00 2.161077999999999832e+00 2.227933999999999859e+00 2.299611000000000072e+00 2.375189999999999912e+00 2.451166999999999874e+00 2.533736000000000210e+00 nan nan nan
1.542499000000000065e+00 1.622538000000000036e+00 1.665937000000000001e+00 1.711322999999999928e+00 1.757247999999999921e+00 1.806789999999999896e+00 1.857072999999999974e+00 1.910914000000000001e+00 1.967437000000000102e+00 2.024465999999999877e+00 2.086107999999999851e+00 2.150113999999999859e+00 2.215736000000000150e+00 2.285512000000000210e+00 2.359161999999999981e+00 2.433260999999999896e+00 2.513691000000000120e+00 nan nan nan
1.542499000000000065e+00 1.618938999999999906e+00 1.660441999999999974e+00 1.703578000000000037e+00 1.747195000000000054e+00 1.793987999999999916e+00 1.841342000000000034e+00 1.892436000000000007e+00 1.945262000000000047e+00 1.999049000000000076e+00 2.056421999999999972e+00 2.116352000000000011e+00 2.176931000000000171e+00 2.242141000000000162e+00 2.310554000000000219e+00 2.378495000000000026e+00 2.452843999999999802e+00 nan nan nan
1.542499000000000065e+00 1.612252999999999936e+00 1.649771000000000098e+00 1.688561999999999896e+00 1.727726000000000095e+00 1.769489000000000090e+00 1.811630000000000074e+00 1.856619999999999937e+00 1.903294999999999959e+00 1.950385999999999953e+00 2.000141999999999864e+00 2.052436999999999845e+00 2.104467000000000088e+00 2.161055000000000170e+00 2.218939999999999912e+00 2.277805999999999997e+00 2.339824999999999822e+00 nan nan nan
1.542499000000000065e+00 1.602845000000000075e+00 1.635197999999999929e+00 1.668420999999999932e+00 1.701646999999999910e+00 1.736960000000000059e+00 1.772307000000000077e+00 1.809916999999999998e+00 1.848956999999999962e+00 1.887736000000000081e+00 1.928550999999999904e+00 1.971486999999999989e+00 2.013472000000000151e+00 2.059130999999999823e+00 2.105970999999999815e+00 2.152486999999999817e+00 2.202026000000000039e+00 nan nan nan
1.542499000000000065e+00 1.593917999999999946e+00 1.621094999999999953e+00 1.649156999999999984e+00 1.676782999999999912e+00 1.706633999999999984e+00 1.735513000000000083e+00 1.766763000000000083e+00 1.798837000000000019e+00 1.830395999999999912e+00 1.864069999999999894e+00 1.898811000000000027e+00 1.933008999999999977e+00 1.969578999999999969e+00 2.007067999999999852e+00 2.044118000000000102e+00 2.083562000000000136e+00 nan nan nan
1.542499000000000065e+00 1.587950999999999890e+00 1.611941999999999986e+00 1.636684000000000028e+00 1.660743000000000080e+00 1.686671999999999949e+00 1.711994999999999933e+00 1.739106999999999958e+00 1.767025999999999986e+00 1.794286000000000048e+00 1.823317999999999994e+00 1.853307999999999955e+00 1.882681000000000049e+00 1.914249000000000089e+00 1.946541000000000077e+00 1.978054999999999897e+00 2.011855999999999867e+00 nan nan nan
1.542499000000000065e+00 1.585812999999999917e+00 1.608665000000000012e+00 1.632219000000000086e+00 1.655186999999999964e+00 1.679878999999999900e+00 1.703821000000000030e+00 1.729676999999999909e+00 1.756189999999999918e+00 1.781959000000000071e+00 1.809625999999999957e+00 1.837890000000000024e+00 1.865804999999999936e+00 1.895313000000000025e+00 1.926136000000000070e+00 1.955845999999999973e+00 1.987605000000000066e+00 nan nan nan
1.542499000000000065e+00 1.585347000000000062e+00 1.608165000000000067e+00 1.631359999999999921e+00 1.654007999999999923e+00 1.678517000000000037e+00 1.702272999999999925e+00 1.727838999999999903e+00 1.753883000000000081e+00 1.779500999999999999e+00 1.806977000000000055e+00 1.835124999999999895e+00 1.862470000000000070e+00 1.891745999999999928e+00 1.921883000000000008e+00 1.951623000000000108e+00 1.983068000000000053e+00 nan nan nan
1.542499000000000065e+00 1.585269999999999957e+00 0.000000000000000000e+00 0.000000000000000000e+00 0.000000000000000000e+00 0.000000000000000000e+00 0.000000000000000000e+00 0.000000000000000000e+00 0.000000000000000000e+00 0.000000000000000000e+00 0.000000000000000000e+00 0.000000000000000000e+00 0.000000000000000000e+00 0.000000000000000000e+00 0.000000000000000000e+00 0.000000000000000000e+00 0.000000000000000000e+00 0.000000000000000000e+00 0.000000000000000000e+00 0.000000000000000000e+00
0.000000000000000000e+00 0.000000000000000000e+00 0.000000000000000000e+00 0.000000000000000000e+00 0.000000000000000000e+00 0.000000000000000000e+00 0.000000000000000000e+00 0.000000000000000000e+00 0.000000000000000000e+00 0.000000000000000000e+00 0.000000000000000000e+00 0.000000000000000000e+00 0.000000000000000000e+00 0.000000000000000000e+00 0.000000000000000000e+00 0.000000000000000000e+00 0.000000000000000000e+00 0.000000000000000000e+00 0.000000000000000000e+00 0.000000000000000000e+00
