8.429858644704375514e-01 8.429858641711488465e-01 8.429858793788334026e-01 8.429826644098505906e-01
6.348255291064406336e-01 6.348255260469748418e-01 6.348255019641908525e-01 6.348254541742943680e-01
5.118432738467210141e-01 5.118432671829888925e-01 5.118432409047239950e-01 5.118432200334487314e-01
4.244123899569994807e-01 4.244123863493637905e-01 4.244123791085003816e-01 4.244123846754112583e-01
3.569271413085024491e-01 3.569271409676861295e-01 3.569271411325602439e-01 3.569271305380783410e-01
3.025398264778882407e-01 3.025398255999008912e-01 3.025398171906631961e-01 3.025397940995294688e-01
2.576246259168240571e-01 2.576246234878404873e-01 2.576246107581873224e-01 2.576245917190267409e-01
2.199800494668564532e-01 2.199800467696081674e-01 2.199800363171258433e-01 2.199800278903186468e-01
1.881581084317491548e-01 1.881581065452093415e-01 1.881581014015227538e-01 1.881581016716482868e-01
1.611136625304073478e-01 1.611136617642457414e-01 1.611136610350586695e-01 1.611136625434611835e-01
1.380473974251742730e-01 1.380473973533147825e-01 1.380473971703674307e-01 1.380473924530463414e-01
1.183341608881804397e-01 1.183341606298352611e-01 1.183341579160070989e-01 1.183341498443785667e-01
1.014642361953618233e-01 1.014642354485691261e-01 1.014642311646231781e-01 1.014642239068768714e-01
8.701539285217252395e-02 8.701539191245022398e-02 8.701538791396215555e-02 8.701538381580678494e-02
7.463374280355405954e-02 7.463374203139520879e-02 7.463373957084629140e-02 7.463373877030812786e-02
6.402000958177753165e-02 6.402000916763737892e-02 6.402000841182145519e-02 6.402000914615081639e-02
5.492051384793083385e-02 5.492051375047445061e-02 5.492051381571613766e-02 5.492051317606178040e-02
4.711613968040258976e-02 4.711613965438848917e-02 4.711613913302428042e-02 4.711613672193962904e-02
4.042366269196755874e-02 4.042366251014620215e-02 4.042366123957405466e-02 4.042365854838449180e-02
3.468474680975820040e-02 3.468474650929763425e-02 3.468474506288463793e-02 3.468474316894884502e-02
2.976241120313679808e-02 2.976241090756204938e-02 2.976240982114356295e-02 2.976240908418053763e-02
2.554069842379831298e-02 2.554069822562790582e-02 2.554069771892586785e-02 2.554069782092533922e-02
2.191982553160035097e-02 2.191982545229268636e-02 2.191982539071810066e-02 2.191982552888895042e-02
1.881421773461609825e-02 1.881421772610067031e-02 1.881421770294062351e-02 1.881421717881579317e-02
1.615053638557413518e-02 1.615053635902623241e-02 1.615053607758355769e-02 1.615053521479420037e-02
1.386587019559053571e-02 1.386587012008222777e-02 1.386586967400627035e-02 1.386586887683933719e-02
1.190640959901339245e-02 1.190640950095702040e-02 1.190640906399628024e-02 1.190640855605000319e-02
1.022540174712672882e-02 1.022540165945397955e-02 1.022540135081684287e-02 1.022540116309609767e-02
8.783615083930372894e-03 8.783615025696021525e-03 8.783614876550938089e-03 8.783614899412959393e-03
7.547065987043987713e-03 7.547065960168132873e-03 7.547065928891014824e-03 7.547065983314380812e-03
6.486309471069475092e-03 6.486309464864030948e-03 6.486309469910281691e-03 6.486309394610432870e-03
5.576396032438802469e-03 5.576396030485855117e-03 5.576395996306928067e-03 5.576395815627267598e-03
4.795842257121750787e-03 4.795842247689636843e-03 4.795842169003221821e-03 4.795841958130391339e-03
4.126215482928752461e-03 4.126215466128750099e-03 4.126215365869528168e-03 4.126215173171294062e-03
3.551713497369059745e-03 3.551713477220274761e-03 3.551713376790946279e-03 3.551713223218717994e-03
3.058777369804954824e-03 3.058777349876595948e-03 3.058777261647927220e-03 3.058777149375309368e-03
2.635807393889716844e-03 2.635807376184642024e-03 2.635807304257414829e-03 2.635807226016682794e-03
2.272723054323355207e-03 2.272723039485875871e-03 2.272722982861258983e-03 2.272722928629581241e-03
1.961064515967291238e-03 1.961064503835255844e-03 1.961064459323425425e-03 1.961064419970529916e-03
1.693502866308299777e-03 1.693502856392890138e-03 1.693502820534006133e-03 1.693502789289180613e-03
1.463687563719677032e-03 1.463687555513907635e-03 1.463687525504001182e-03 1.463687497855374522e-03
1.266238224231181842e-03 1.266238217367055604e-03 1.266238191389508017e-03 1.266238164764119274e-03
1.096522942572020600e-03 1.096522936878542792e-03 1.096522914193676654e-03 1.096522887654972694e-03
9.505693106236451449e-04 9.505693061229781617e-04 9.505692870081516865e-04 9.505692612611977470e-04
8.249742779047203062e-04 8.249742747441460734e-04 8.249742602290293172e-04 8.249742375320602301e-04
7.168209987722945356e-04 7.168209970631993222e-04 7.168209883053503840e-04 7.168209717688339786e-04
6.236179792359935374e-04 6.236179767120781075e-04 6.236179662482728295e-04 6.236179522010286674e-04
5.432033779041529811e-04 5.432033769027076351e-04 5.432033741902158371e-04 5.432033730679157761e-04
4.737685600689733574e-04 4.737685598277060648e-04 4.737685583815357329e-04 4.737685542104633912e-04
4.137509058432103383e-04 4.137509045798772045e-04 4.137508990695276494e-04 4.137508907167643983e-04
3.618001354447615927e-04 3.618001344641253933e-04 3.618001308546515624e-04 3.618001268144295751e-04
3.167772176048707202e-04 3.167772174187602073e-04 3.167772170728852944e-04 3.167772171106317930e-04
2.777051703987565181e-04 2.777051702513870426e-04 2.777051695139768012e-04 2.777051678051316048e-04
2.437493439108646303e-04 2.437493434251549861e-04 2.437493412975839447e-04 2.437493379391832290e-04
2.141973666367715705e-04 2.141973661332248762e-04 2.141973640903936942e-04 2.141973612900427057e-04
1.884405510862918937e-04 1.884405507856991454e-04 1.884405496691010120e-04 1.884405483328041619e-04
1.659604402134358435e-04 1.659604401179617863e-04 1.659604398405915913e-04 1.659604396097678490e-04
1.463067479046946829e-04 1.463067478938009989e-04 1.463067478958848355e-04 1.463067478758395365e-04
1.291041634309182695e-04 1.291041633817203733e-04 1.291041631718391344e-04 1.291041627760652801e-04
1.140274570584297976e-04 1.140274569585687195e-04 1.140274565332613608e-04 1.140274558593425272e-04
1.007940213489709149e-04 1.007940212309542616e-04 1.007940207381628528e-04 1.007940200088180185e-04
8.916482957735829380e-05 8.916482946857324252e-05 8.916482902217980489e-05 8.916482838668105763e-05
7.893325316377318684e-05 7.893325307747828333e-05 7.893325272928565788e-05 7.893325224694097068e-05
6.992117283142725362e-05 6.992117277002690592e-05 6.992117252686576962e-05 6.992117219756329349e-05
6.197495153021817082e-05 6.197495149033445221e-05 6.197495133614468090e-05 6.197495113183946666e-05
5.496167527892895674e-05 5.496167525518945570e-05 5.496167516656763749e-05 5.496167505191910566e-05
4.876665376366151350e-05 4.876665375079160681e-05 4.876665370548655885e-05 4.876665364867771249e-05
4.328839283890019961e-05 4.328839283264973342e-05 4.328839281301412735e-05 4.328839278961078997e-05
3.844143324526957533e-05 3.844143323195925893e-05 3.844143318116322841e-05 3.844143311362279309e-05
3.415029807619693433e-05 3.415029805849647328e-05 3.415029798736132500e-05 3.415029788895082813e-05
3.034807261407282365e-05 3.034807259965416126e-05 3.034807254093231809e-05 3.034807245788571139e-05
2.697733176167321030e-05 2.697733175478878061e-05 2.697733172716905892e-05 2.697733168706189301e-05
2.398751103046219187e-05 2.398751102953047595e-05 2.398751102700772723e-05 2.398751102285781806e-05
2.133425504092786317e-05 2.133425503946756820e-05 2.133425503483822822e-05 2.133425502895843382e-05
1.897865247692042418e-05 1.897865247255528393e-05 1.897865245537780812e-05 1.897865243191922049e-05
1.688647678783982786e-05 1.688647678262177287e-05 1.688647676147523620e-05 1.688647673205322829e-05
1.502773782109087224e-05 1.502773781741136620e-05 1.502773780247967459e-05 1.502773778144091947e-05
1.337541771149309542e-05 1.337541771020437884e-05 1.337541770521193446e-05 1.337541769802993194e-05
1.190652736898750194e-05 1.190652736889539219e-05 1.190652736892254976e-05 1.190652736896867748e-05
1.060045273419658644e-05 1.060045273338122067e-05 1.060045273031909323e-05 1.060045272616645322e-05
9.438651858714781041e-06 9.438651857178859586e-06 9.438651850996965803e-06 9.438651842453271419e-06
8.405048670811616533e-06 8.405048669345334739e-06 8.405048663378489069e-06 8.405048655057318710e-06
7.485322636138329468e-06 7.485322635321891351e-06 7.485322632034996940e-06 7.485322627415650246e-06
6.666781488129284369e-06 6.666781487965004023e-06 6.666781487395802118e-06 6.666781486577952844e-06
5.938185507513794309e-06 5.938185507438025517e-06 5.938185507229390291e-06 5.938185506954964322e-06
5.289561495360868132e-06 5.289561495011012185e-06 5.289561493629383710e-06 5.289561491728627377e-06
4.712103168685231667e-06 4.712103168203850985e-06 4.712103166246982954e-06 4.712103163533230845e-06
4.197809840764620852e-06 4.197809840381243576e-06 4.197809838819251294e-06 4.197809836642184343e-06
3.739840298546052950e-06 3.739840298374522849e-06 3.739840297692396629e-06 3.739840296734805976e-06
3.332019007573095344e-06 3.332019007555552021e-06 3.332019007513989809e-06 3.332019007453676404e-06
2.968756991242053435e-06 2.968756991200650465e-06 2.968756991054150611e-06 2.968756990854656564e-06
2.645187844618141827e-06 2.645187844501268644e-06 2.645187844031934041e-06 2.645187843383532861e-06
2.356956314057747080e-06 2.356956313919545184e-06 2.356956313355361949e-06 2.356956312572050443e-06
2.100186675201758877e-06 2.100186675101134751e-06 2.100186674690942530e-06 2.100186674119645065e-06
1.871434323852810858e-06 1.871434323812140995e-06 1.871434323651269744e-06 1.871434323426129022e-06
1.667632740342895346e-06 1.667632740339814475e-06 1.667632740335154735e-06 1.667632740328412565e-06
1.486066480363261946e-06 1.486066480350361211e-06 1.486066480303006140e-06 1.486066480238146709e-06
1.324260954019119645e-06 1.324260953986325282e-06 1.324260953853990996e-06 1.324260953671014938e-06
1.180096439940979104e-06 1.180096439902889938e-06 1.180096439747086486e-06 1.180096439530908431e-06
1.051654952969003456e-06 1.051654952940755754e-06 1.051654952825287587e-06 1.051654952664629578e-06
9.371969580267579604e-07 9.371969580143668213e-07 9.371969579648192055e-07 9.371969578955819912e-07
8.352055777686853332e-07 8.352055777673025519e-07 8.352055777635490313e-07 8.352055777582213000e-07
7.443210921019846475e-07 7.443210920995928382e-07 7.443210920912498813e-07 7.443210920798738053e-07
6.633318249167903427e-07 6.633318249091065892e-07 6.633318248781923218e-07 6.633318248354642742e-07
5.911595688618765930e-07 5.911595688518911333e-07 5.911595688109997708e-07 5.911595687543169612e-07
5.268434053639232471e-07 5.268434053555716081e-07 5.268434053213041491e-07 5.268434052736715689e-07
