#           k/h    P           
    0.10000E-03    0.26120E+03
    0.10202E-03    0.26629E+03
    0.10408E-03    0.27147E+03
    0.10618E-03    0.27675E+03
    0.10833E-03    0.28213E+03
    0.11052E-03    0.28762E+03
    0.11275E-03    0.29322E+03
    0.11503E-03    0.29892E+03
    0.11735E-03    0.30474E+03
    0.11972E-03    0.31067E+03
    0.12214E-03    0.31671E+03
    0.12461E-03    0.32287E+03
    0.12712E-03    0.32915E+03
    0.12969E-03    0.33555E+03
    0.13231E-03    0.34208E+03
    0.13499E-03    0.34873E+03
    0.13771E-03    0.35552E+03
    0.14049E-03    0.36243E+03
    0.14333E-03    0.36948E+03
    0.14623E-03    0.37667E+03
    0.14918E-03    0.38399E+03
    0.15220E-03    0.39146E+03
    0.15527E-03    0.39907E+03
    0.15841E-03    0.40683E+03
    0.16161E-03    0.41474E+03
    0.16487E-03    0.42280E+03
    0.16820E-03    0.43102E+03
    0.17160E-03    0.43940E+03
    0.17507E-03    0.44794E+03
    0.17860E-03    0.45665E+03
    0.18221E-03    0.46553E+03
    0.18589E-03    0.47457E+03
    0.18965E-03    0.48380E+03
    0.19348E-03    0.49320E+03
    0.19739E-03    0.50278E+03
    0.20138E-03    0.51255E+03
    0.20544E-03    0.52251E+03
    0.20959E-03    0.53266E+03
    0.21383E-03    0.54301E+03
    0.21815E-03    0.55355E+03
    0.22255E-03    0.56430E+03
    0.22705E-03    0.57526E+03
    0.23164E-03    0.58643E+03
    0.23632E-03    0.59782E+03
    0.24109E-03    0.60943E+03
    0.24596E-03    0.62126E+03
    0.25093E-03    0.63331E+03
    0.25600E-03    0.64561E+03
    0.26117E-03    0.65813E+03
    0.26645E-03    0.67090E+03
    0.27183E-03    0.68392E+03
    0.27732E-03    0.69719E+03
    0.28292E-03    0.71071E+03
    0.28864E-03    0.72449E+03
    0.29447E-03    0.73854E+03
    0.30042E-03    0.75285E+03
    0.30649E-03    0.76745E+03
    0.31268E-03    0.78232E+03
    0.31899E-03    0.79748E+03
    0.32544E-03    0.81293E+03
    0.33201E-03    0.82867E+03
    0.33872E-03    0.84472E+03
    0.34556E-03    0.86108E+03
    0.35254E-03    0.87774E+03
    0.35966E-03    0.89473E+03
    0.36693E-03    0.91204E+03
    0.37434E-03    0.92968E+03
    0.38190E-03    0.94766E+03
    0.38962E-03    0.96599E+03
    0.39749E-03    0.98466E+03
    0.40552E-03    0.10037E+04
    0.41371E-03    0.10231E+04
    0.42207E-03    0.10428E+04
    0.43060E-03    0.10630E+04
    0.43929E-03    0.10835E+04
    0.44817E-03    0.11044E+04
    0.45722E-03    0.11257E+04
    0.46646E-03    0.11474E+04
    0.47588E-03    0.11695E+04
    0.48550E-03    0.11920E+04
    0.49530E-03    0.12150E+04
    0.50531E-03    0.12384E+04
    0.51552E-03    0.12622E+04
    0.52593E-03    0.12865E+04
    0.53656E-03    0.13113E+04
    0.54739E-03    0.13365E+04
    0.55845E-03    0.13621E+04
    0.56973E-03    0.13883E+04
    0.58124E-03    0.14149E+04
    0.59299E-03    0.14421E+04
    0.60496E-03    0.14697E+04
    0.61719E-03    0.14979E+04
    0.62965E-03    0.15266E+04
    0.64237E-03    0.15558E+04
    0.65535E-03    0.15856E+04
    0.66859E-03    0.16159E+04
    0.68210E-03    0.16467E+04
    0.69588E-03    0.16782E+04
    0.70993E-03    0.17102E+04
    0.72427E-03    0.17428E+04
    0.73891E-03    0.17760E+04
    0.75383E-03    0.18098E+04
    0.76906E-03    0.18443E+04
    0.78460E-03    0.18793E+04
    0.80045E-03    0.19150E+04
    0.81662E-03    0.19514E+04
    0.83311E-03    0.19884E+04
    0.84994E-03    0.20260E+04
    0.86711E-03    0.20644E+04
    0.88463E-03    0.21034E+04
    0.90250E-03    0.21432E+04
    0.92073E-03    0.21837E+04
    0.93933E-03    0.22248E+04
    0.95831E-03    0.22668E+04
    0.97767E-03    0.23094E+04
    0.99742E-03    0.23528E+04
    0.10176E-02    0.23970E+04
    0.10381E-02    0.24420E+04
    0.10591E-02    0.24878E+04
    0.10805E-02    0.25343E+04
    0.11023E-02    0.25817E+04
    0.11246E-02    0.26299E+04
    0.11473E-02    0.26789E+04
    0.11705E-02    0.27288E+04
    0.11941E-02    0.27796E+04
    0.12182E-02    0.28312E+04
    0.12429E-02    0.28837E+04
    0.12680E-02    0.29371E+04
    0.12936E-02    0.29914E+04
    0.13197E-02    0.30467E+04
    0.13464E-02    0.31028E+04
    0.13736E-02    0.31599E+04
    0.14013E-02    0.32180E+04
    0.14296E-02    0.32770E+04
    0.14585E-02    0.33370E+04
    0.14880E-02    0.33980E+04
    0.15180E-02    0.34600E+04
    0.15487E-02    0.35230E+04
    0.15800E-02    0.35871E+04
    0.16119E-02    0.36522E+04
    0.16445E-02    0.37183E+04
    0.16777E-02    0.37854E+04
    0.17116E-02    0.38537E+04
    0.17462E-02    0.39230E+04
    0.17814E-02    0.39934E+04
    0.18174E-02    0.40649E+04
    0.18541E-02    0.41375E+04
    0.18916E-02    0.42113E+04
    0.19298E-02    0.42861E+04
    0.19688E-02    0.43621E+04
    0.20086E-02    0.44392E+04
    0.20491E-02    0.45175E+04
    0.20905E-02    0.45970E+04
    0.21328E-02    0.46776E+04
    0.21758E-02    0.47594E+04
    0.22198E-02    0.48424E+04
    0.22646E-02    0.49266E+04
    0.23104E-02    0.50119E+04
    0.23571E-02    0.50985E+04
    0.24047E-02    0.51863E+04
    0.24533E-02    0.52753E+04
    0.25028E-02    0.53654E+04
    0.25534E-02    0.54569E+04
    0.26050E-02    0.55495E+04
    0.26576E-02    0.56433E+04
    0.27113E-02    0.57384E+04
    0.27660E-02    0.58347E+04
    0.28219E-02    0.59322E+04
    0.28789E-02    0.60310E+04
    0.29371E-02    0.61310E+04
    0.29964E-02    0.62321E+04
    0.30569E-02    0.63345E+04
    0.31187E-02    0.64381E+04
    0.31817E-02    0.65429E+04
    0.32460E-02    0.66490E+04
    0.33115E-02    0.67562E+04
    0.33784E-02    0.68645E+04
    0.34467E-02    0.69741E+04
    0.35163E-02    0.70848E+04
    0.35874E-02    0.71967E+04
    0.36598E-02    0.73097E+04
    0.37338E-02    0.74238E+04
    0.38092E-02    0.75390E+04
    0.38861E-02    0.76554E+04
    0.39646E-02    0.77727E+04
    0.40447E-02    0.78912E+04
    0.41264E-02    0.80107E+04
    0.42098E-02    0.81311E+04
    0.42948E-02    0.82526E+04
    0.43816E-02    0.83750E+04
    0.44701E-02    0.84984E+04
    0.45604E-02    0.86226E+04
    0.46525E-02    0.87477E+04
    0.47465E-02    0.88737E+04
    0.48424E-02    0.90004E+04
    0.49402E-02    0.91279E+04
    0.50400E-02    0.92561E+04
    0.51419E-02    0.93850E+04
    0.52457E-02    0.95146E+04
    0.53517E-02    0.96447E+04
    0.54598E-02    0.97754E+04
    0.55701E-02    0.99066E+04
    0.56826E-02    0.10038E+05
    0.57974E-02    0.10170E+05
    0.59145E-02    0.10303E+05
    0.60340E-02    0.10435E+05
    0.61559E-02    0.10568E+05
    0.62803E-02    0.10701E+05
    0.64072E-02    0.10834E+05
    0.65366E-02    0.10967E+05
    0.66686E-02    0.11100E+05
    0.68033E-02    0.11233E+05
    0.69408E-02    0.11366E+05
    0.70810E-02    0.11498E+05
    0.72240E-02    0.11630E+05
    0.73700E-02    0.11761E+05
    0.75189E-02    0.11892E+05
    0.76708E-02    0.12023E+05
    0.78257E-02    0.12152E+05
    0.79838E-02    0.12281E+05
    0.81451E-02    0.12409E+05
    0.83096E-02    0.12536E+05
    0.84775E-02    0.12661E+05
    0.86488E-02    0.12786E+05
    0.88235E-02    0.12909E+05
    0.90017E-02    0.13030E+05
    0.91836E-02    0.13150E+05
    0.93691E-02    0.13268E+05
    0.95583E-02    0.13385E+05
    0.97514E-02    0.13499E+05
    0.99484E-02    0.13611E+05
    0.10149E-01    0.13721E+05
    0.10354E-01    0.13829E+05
    0.10564E-01    0.13934E+05
    0.10777E-01    0.14036E+05
    0.10995E-01    0.14136E+05
    0.11217E-01    0.14232E+05
    0.11443E-01    0.14326E+05
    0.11675E-01    0.14416E+05
    0.11910E-01    0.14502E+05
    0.12151E-01    0.14586E+05
    0.12397E-01    0.14665E+05
    0.12647E-01    0.14740E+05
    0.12902E-01    0.14812E+05
    0.13163E-01    0.14879E+05
    0.13429E-01    0.14941E+05
    0.13700E-01    0.14999E+05
    0.13977E-01    0.15052E+05
    0.14259E-01    0.15101E+05
    0.14547E-01    0.15144E+05
    0.14841E-01    0.15182E+05
    0.15141E-01    0.15214E+05
    0.15447E-01    0.15241E+05
    0.15759E-01    0.15262E+05
    0.16077E-01    0.15278E+05
    0.16402E-01    0.15287E+05
    0.16734E-01    0.15290E+05
    0.17072E-01    0.15286E+05
    0.17416E-01    0.15277E+05
    0.17768E-01    0.15260E+05
    0.18127E-01    0.15237E+05
    0.18493E-01    0.15207E+05
    0.18867E-01    0.15170E+05
    0.19248E-01    0.15126E+05
    0.19637E-01    0.15075E+05
    0.20034E-01    0.15016E+05
    0.20438E-01    0.14951E+05
    0.20851E-01    0.14878E+05
    0.21272E-01    0.14798E+05
    0.21702E-01    0.14710E+05
    0.22141E-01    0.14615E+05
    0.22588E-01    0.14514E+05
    0.23044E-01    0.14404E+05
    0.23510E-01    0.14288E+05
    0.23985E-01    0.14165E+05
    0.24469E-01    0.14035E+05
    0.24964E-01    0.13898E+05
    0.25468E-01    0.13755E+05
    0.25982E-01    0.13606E+05
    0.26507E-01    0.13450E+05
    0.27043E-01    0.13289E+05
    0.27589E-01    0.13122E+05
    0.28146E-01    0.12950E+05
    0.28715E-01    0.12773E+05
    0.29295E-01    0.12592E+05
    0.29887E-01    0.12406E+05
    0.30490E-01    0.12217E+05
    0.31106E-01    0.12025E+05
    0.31735E-01    0.11830E+05
    0.32376E-01    0.11633E+05
    0.33030E-01    0.11434E+05
    0.33697E-01    0.11234E+05
    0.34378E-01    0.11033E+05
    0.35072E-01    0.10832E+05
    0.35781E-01    0.10632E+05
    0.36504E-01    0.10432E+05
    0.37241E-01    0.10234E+05
    0.37993E-01    0.10038E+05
    0.38761E-01    0.98450E+04
    0.39544E-01    0.96550E+04
    0.40343E-01    0.94688E+04
    0.41158E-01    0.92865E+04
    0.41989E-01    0.91084E+04
    0.42838E-01    0.89347E+04
    0.43703E-01    0.87657E+04
    0.44586E-01    0.86017E+04
    0.45486E-01    0.84432E+04
    0.46405E-01    0.82909E+04
    0.47343E-01    0.81453E+04
    0.48299E-01    0.80070E+04
    0.49275E-01    0.78757E+04
    0.50270E-01    0.77508E+04
    0.51286E-01    0.76316E+04
    0.52322E-01    0.75174E+04
    0.53379E-01    0.74078E+04
    0.54457E-01    0.73024E+04
    0.55557E-01    0.72009E+04
    0.56680E-01    0.71032E+04
    0.57825E-01    0.70088E+04
    0.58993E-01    0.69167E+04
    0.60184E-01    0.68259E+04
    0.61400E-01    0.67354E+04
    0.62641E-01    0.66443E+04
    0.63906E-01    0.65516E+04
    0.65197E-01    0.64564E+04
    0.66514E-01    0.63580E+04
    0.67858E-01    0.62555E+04
    0.69229E-01    0.61479E+04
    0.70627E-01    0.60346E+04
    0.72054E-01    0.59150E+04
    0.73510E-01    0.57888E+04
    0.74994E-01    0.56559E+04
    0.76509E-01    0.55164E+04
    0.78055E-01    0.53708E+04
    0.79632E-01    0.52195E+04
    0.81241E-01    0.50634E+04
    0.82882E-01    0.49038E+04
    0.84556E-01    0.47417E+04
    0.86264E-01    0.45787E+04
    0.88007E-01    0.44160E+04
    0.89785E-01    0.42552E+04
    0.91598E-01    0.40978E+04
    0.93449E-01    0.39453E+04
    0.95337E-01    0.37993E+04
    0.97263E-01    0.36612E+04
    0.99227E-01    0.35322E+04
    0.10123E+00    0.34133E+04
    0.10328E+00    0.33052E+04
    0.10536E+00    0.32082E+04
    0.10749E+00    0.31219E+04
    0.10966E+00    0.30458E+04
    0.11188E+00    0.29785E+04
    0.11414E+00    0.29187E+04
    0.11644E+00    0.28645E+04
    0.11880E+00    0.28139E+04
    0.12120E+00    0.27651E+04
    0.12365E+00    0.27160E+04
    0.12614E+00    0.26646E+04
    0.12869E+00    0.26093E+04
    0.13129E+00    0.25485E+04
    0.13394E+00    0.24814E+04
    0.13665E+00    0.24076E+04
    0.13941E+00    0.23274E+04
    0.14223E+00    0.22418E+04
    0.14510E+00    0.21525E+04
    0.14803E+00    0.20613E+04
    0.15102E+00    0.19704E+04
    0.15407E+00    0.18819E+04
    0.15718E+00    0.17981E+04
    0.16036E+00    0.17209E+04
    0.16360E+00    0.16518E+04
    0.16690E+00    0.15916E+04
    0.17028E+00    0.15403E+04
    0.17371E+00    0.14968E+04
    0.17722E+00    0.14595E+04
    0.18080E+00    0.14264E+04
    0.18446E+00    0.13953E+04
    0.18818E+00    0.13642E+04
    0.19198E+00    0.13309E+04
    0.19586E+00    0.12938E+04
    0.19982E+00    0.12522E+04
    0.20386E+00    0.12060E+04
    0.20797E+00    0.11563E+04
    0.21218E+00    0.11051E+04
    0.21646E+00    0.10543E+04
    0.22083E+00    0.10059E+04
    0.22530E+00    0.96168E+03
    0.22985E+00    0.92259E+03
    0.23449E+00    0.88893E+03
    0.23923E+00    0.86020E+03
    0.24406E+00    0.83520E+03
    0.24899E+00    0.81225E+03
    0.25402E+00    0.78953E+03
    0.25915E+00    0.76541E+03
    0.26439E+00    0.73897E+03
    0.26973E+00    0.71029E+03
    0.27518E+00    0.68023E+03
    0.28074E+00    0.65002E+03
    0.28641E+00    0.62098E+03
    0.29219E+00    0.59430E+03
    0.29810E+00    0.57066E+03
    0.30412E+00    0.54997E+03
    0.31026E+00    0.53141E+03
    0.31653E+00    0.51395E+03
    0.32292E+00    0.49655E+03
    0.32945E+00    0.47843E+03
    0.33610E+00    0.45942E+03
    0.34289E+00    0.44000E+03
    0.34982E+00    0.42095E+03
    0.35689E+00    0.40300E+03
    0.36409E+00    0.38660E+03
    0.37145E+00    0.37174E+03
    0.37895E+00    0.35799E+03
    0.38661E+00    0.34475E+03
    0.39442E+00    0.33156E+03
    0.40239E+00    0.31818E+03
    0.41052E+00    0.30482E+03
    0.41881E+00    0.29189E+03
    0.42727E+00    0.27969E+03
    0.43590E+00    0.26835E+03
    0.44471E+00    0.25775E+03
    0.45369E+00    0.24756E+03
    0.46286E+00    0.23760E+03
    0.47221E+00    0.22776E+03
    0.48174E+00    0.21815E+03
    0.49148E+00    0.20896E+03
    0.50141E+00    0.20026E+03
    0.51153E+00    0.19203E+03
    0.52187E+00    0.18414E+03
    0.53241E+00    0.17649E+03
    0.54317E+00    0.16905E+03
    0.55414E+00    0.16187E+03
    0.56533E+00    0.15502E+03
    0.57675E+00    0.14849E+03
    0.58840E+00    0.14224E+03
    0.60029E+00    0.13621E+03
    0.61242E+00    0.13040E+03
    0.62479E+00    0.12481E+03
    0.63741E+00    0.11946E+03
    0.65029E+00    0.11435E+03
    0.66342E+00    0.10945E+03
    0.67683E+00    0.10474E+03
    0.69050E+00    0.10022E+03
    0.70445E+00    0.95881E+02
    0.71868E+00    0.91721E+02
    0.73320E+00    0.87730E+02
    0.74801E+00    0.83903E+02
    0.76312E+00    0.80234E+02
    0.77854E+00    0.76718E+02
    0.79426E+00    0.73348E+02
    0.81031E+00    0.70120E+02
    0.82668E+00    0.67028E+02
    0.84338E+00    0.64067E+02
    0.86041E+00    0.61231E+02
    0.87780E+00    0.58516E+02
    0.89553E+00    0.55917E+02
    0.91362E+00    0.53428E+02
    0.93208E+00    0.51046E+02
    0.95091E+00    0.48766E+02
    0.97011E+00    0.46583E+02
    0.98971E+00    0.44494E+02
    0.10097E+01    0.42495E+02
    0.10301E+01    0.40583E+02
    0.10509E+01    0.38753E+02
    0.10721E+01    0.37002E+02
    0.10938E+01    0.35327E+02
    0.11159E+01    0.33726E+02
    0.11384E+01    0.32194E+02
    0.11614E+01    0.30729E+02
    0.11849E+01    0.29328E+02
    0.12088E+01    0.27989E+02
    0.12333E+01    0.26709E+02
    0.12582E+01    0.25486E+02
    0.12836E+01    0.24317E+02
    0.13095E+01    0.23199E+02
    0.13360E+01    0.22131E+02
    0.13630E+01    0.21111E+02
    0.13905E+01    0.20136E+02
    0.14186E+01    0.19205E+02
    0.14472E+01    0.18316E+02
    0.14765E+01    0.17466E+02
    0.15063E+01    0.16655E+02
    0.15367E+01    0.15880E+02
    0.15678E+01    0.15140E+02
    0.15994E+01    0.14434E+02
    0.16318E+01    0.13759E+02
    0.16647E+01    0.13116E+02
    0.16984E+01    0.12501E+02
    0.17327E+01    0.11914E+02
    0.17677E+01    0.11355E+02
    0.18034E+01    0.10820E+02
    0.18398E+01    0.10311E+02
    0.18770E+01    0.98243E+01
    0.19149E+01    0.93602E+01
    0.19536E+01    0.89175E+01
    0.19930E+01    0.84951E+01
    0.20333E+01    0.80923E+01
    0.20744E+01    0.77081E+01
    0.21163E+01    0.73416E+01
    0.21590E+01    0.69922E+01
    0.22026E+01    0.66589E+01
    0.22471E+01    0.63412E+01
    0.22925E+01    0.60383E+01
    0.23388E+01    0.57495E+01
    0.23861E+01    0.54741E+01
    0.24343E+01    0.52117E+01
    0.24835E+01    0.49615E+01
    0.25336E+01    0.47231E+01
    0.25848E+01    0.44959E+01
    0.26370E+01    0.42794E+01
    0.26903E+01    0.40730E+01
    0.27447E+01    0.38764E+01
    0.28001E+01    0.36891E+01
    0.28567E+01    0.35107E+01
    0.29144E+01    0.33406E+01
    0.29733E+01    0.31787E+01
    0.30333E+01    0.30244E+01
    0.30946E+01    0.28775E+01
    0.31571E+01    0.27376E+01
    0.32209E+01    0.26043E+01
    0.32860E+01    0.24774E+01
    0.33523E+01    0.23566E+01
    0.34201E+01    0.22415E+01
    0.34892E+01    0.21320E+01
    0.35596E+01    0.20277E+01
    0.36316E+01    0.19284E+01
    0.37049E+01    0.18339E+01
    0.37798E+01    0.17439E+01
    0.38561E+01    0.16583E+01
    0.39340E+01    0.15767E+01
    0.40135E+01    0.14992E+01
    0.40946E+01    0.14253E+01
    0.41773E+01    0.13551E+01
    0.42617E+01    0.12882E+01
    0.43478E+01    0.12246E+01
    0.44356E+01    0.11641E+01
    0.45252E+01    0.11065E+01
    0.46166E+01    0.10517E+01
    0.47099E+01    0.99962E+00
    0.48050E+01    0.95005E+00
    0.49021E+01    0.90289E+00
    0.50011E+01    0.85804E+00
    0.51021E+01    0.81538E+00
    0.52052E+01    0.77481E+00
    0.53104E+01    0.73622E+00
    0.54176E+01    0.69953E+00
    0.55271E+01    0.66464E+00
    0.56387E+01    0.63146E+00
    0.57526E+01    0.59991E+00
    0.58689E+01    0.56991E+00
    0.59874E+01    0.54140E+00
    0.61084E+01    0.51429E+00
    0.62318E+01    0.48851E+00
    0.63577E+01    0.46401E+00
    0.64861E+01    0.44072E+00
    0.66171E+01    0.41859E+00
    0.67508E+01    0.39755E+00
    0.68872E+01    0.37755E+00
    0.70263E+01    0.35855E+00
    0.71682E+01    0.34048E+00
    0.73130E+01    0.32332E+00
    0.74608E+01    0.30701E+00
    0.76115E+01    0.29151E+00
    0.77653E+01    0.27678E+00
    0.79221E+01    0.26279E+00
    0.80822E+01    0.24950E+00
    0.82454E+01    0.23687E+00
    0.84120E+01    0.22487E+00
    0.85819E+01    0.21347E+00
    0.87553E+01    0.20264E+00
    0.89322E+01    0.19236E+00
    0.91126E+01    0.18259E+00
    0.92967E+01    0.17331E+00
    0.94845E+01    0.16449E+00
    0.96761E+01    0.15612E+00
    0.98716E+01    0.14817E+00
    0.10071E+02    0.14062E+00
    0.10274E+02    0.13345E+00
    0.10482E+02    0.12664E+00
    0.10694E+02    0.12018E+00
    0.10910E+02    0.11404E+00
    0.11130E+02    0.10821E+00
    0.11355E+02    0.10268E+00
    0.11584E+02    0.97422E-01
    0.11818E+02    0.92433E-01
    0.12057E+02    0.87698E-01
    0.12301E+02    0.83202E-01
    0.12549E+02    0.78934E-01
    0.12803E+02    0.74882E-01
    0.13061E+02    0.71037E-01
    0.13325E+02    0.67386E-01
    0.13594E+02    0.63922E-01
    0.13869E+02    0.60633E-01
    0.14149E+02    0.57512E-01
    0.14435E+02    0.54550E-01
    0.14727E+02    0.51739E-01
    0.15024E+02    0.49071E-01
    0.15328E+02    0.46540E-01
    0.15637E+02    0.44137E-01
    0.15953E+02    0.41858E-01
    0.16275E+02    0.39695E-01
    0.16604E+02    0.37642E-01
    0.16940E+02    0.35695E-01
    0.17282E+02    0.33848E-01
    0.17631E+02    0.32095E-01
    0.17987E+02    0.30432E-01
    0.18351E+02    0.28855E-01
    0.18721E+02    0.27358E-01
    0.19099E+02    0.25939E-01
    0.19485E+02    0.24592E-01
    0.19879E+02    0.23315E-01
    0.20280E+02    0.22104E-01
    0.20690E+02    0.20954E-01
    0.21108E+02    0.19864E-01
    0.21535E+02    0.18830E-01
    0.21970E+02    0.17849E-01
    0.22413E+02    0.16919E-01
    0.22866E+02    0.16037E-01
    0.23328E+02    0.15200E-01
    0.23799E+02    0.14406E-01
    0.24280E+02    0.13654E-01
    0.24771E+02    0.12940E-01
    0.25271E+02    0.12263E-01
    0.25782E+02    0.11622E-01
    0.26302E+02    0.11014E-01
    0.26834E+02    0.10438E-01
    0.27376E+02    0.98912E-02
    0.27929E+02    0.93734E-02
    0.28493E+02    0.88826E-02
