#          k/h    CDM            baryon         photon         nu             mass_nu        total          no_nu          total_de       Weyl           v_CDM          v_b            v_b-v_c     
   0.105049E-04   0.113338E+06   0.113338E+06   0.151118E+06   0.151118E+06   0.000000E+00   0.113338E+06   0.113338E+06   0.122256E+06  -0.606849E+00   0.113003E+06   0.113003E+06   0.693776E+00
   0.115998E-04   0.113338E+06   0.113338E+06   0.151118E+06   0.151118E+06   0.000000E+00   0.113338E+06   0.113338E+06   0.122256E+06  -0.606849E+00   0.113003E+06   0.113003E+06   0.766083E+00
   0.128088E-04   0.113338E+06   0.113338E+06   0.151118E+06   0.151117E+06   0.000000E+00   0.113338E+06   0.113338E+06   0.122256E+06  -0.606849E+00   0.113003E+06   0.113003E+06   0.845926E+00
   0.141437E-04   0.113338E+06   0.113338E+06   0.151117E+06   0.151117E+06   0.000000E+00   0.113338E+06   0.113338E+06   0.122256E+06  -0.606849E+00   0.113003E+06   0.113003E+06   0.934091E+00
   0.156178E-04   0.113338E+06   0.113338E+06   0.151117E+06   0.151117E+06   0.000000E+00   0.113338E+06   0.113338E+06   0.122256E+06  -0.606849E+00   0.113003E+06   0.113003E+06   0.103144E+01
   0.172456E-04   0.113338E+06   0.113338E+06   0.151117E+06   0.151117E+06   0.000000E+00   0.113338E+06   0.113338E+06   0.122256E+06  -0.606849E+00   0.113003E+06   0.113003E+06   0.113894E+01
   0.190429E-04   0.113338E+06   0.113338E+06   0.151117E+06   0.151117E+06   0.000000E+00   0.113338E+06   0.113338E+06   0.122256E+06  -0.606849E+00   0.113003E+06   0.113003E+06   0.125765E+01
   0.210277E-04   0.113338E+06   0.113338E+06   0.151117E+06   0.151117E+06   0.000000E+00   0.113338E+06   0.113338E+06   0.122256E+06  -0.606848E+00   0.113003E+06   0.113003E+06   0.138872E+01
   0.232192E-04   0.113338E+06   0.113338E+06   0.151117E+06   0.151116E+06   0.000000E+00   0.113338E+06   0.113338E+06   0.122256E+06  -0.606848E+00   0.113003E+06   0.113003E+06   0.153346E+01
   0.256392E-04   0.113338E+06   0.113338E+06   0.151116E+06   0.151116E+06   0.000000E+00   0.113338E+06   0.113338E+06   0.122256E+06  -0.606848E+00   0.113003E+06   0.113003E+06   0.169328E+01
   0.283114E-04   0.113338E+06   0.113338E+06   0.151116E+06   0.151116E+06   0.000000E+00   0.113338E+06   0.113338E+06   0.122256E+06  -0.606848E+00   0.113003E+06   0.113003E+06   0.186976E+01
   0.312621E-04   0.113338E+06   0.113338E+06   0.151116E+06   0.151115E+06   0.000000E+00   0.113338E+06   0.113338E+06   0.122256E+06  -0.606848E+00   0.113003E+06   0.113002E+06   0.206463E+01
   0.345203E-04   0.113338E+06   0.113338E+06   0.151115E+06   0.151114E+06   0.000000E+00   0.113338E+06   0.113338E+06   0.122256E+06  -0.606847E+00   0.113002E+06   0.113002E+06   0.227981E+01
   0.381181E-04   0.113338E+06   0.113338E+06   0.151114E+06   0.151114E+06   0.000000E+00   0.113338E+06   0.113338E+06   0.122256E+06  -0.606847E+00   0.113002E+06   0.113002E+06   0.251742E+01
   0.420909E-04   0.113338E+06   0.113338E+06   0.151114E+06   0.151113E+06   0.000000E+00   0.113338E+06   0.113338E+06   0.122255E+06  -0.606846E+00   0.113002E+06   0.113002E+06   0.277979E+01
   0.464778E-04   0.113338E+06   0.113338E+06   0.151113E+06   0.151112E+06   0.000000E+00   0.113338E+06   0.113338E+06   0.122255E+06  -0.606846E+00   0.113002E+06   0.113002E+06   0.306951E+01
   0.513218E-04   0.113338E+06   0.113338E+06   0.151112E+06   0.151110E+06   0.000000E+00   0.113338E+06   0.113338E+06   0.122255E+06  -0.606845E+00   0.113002E+06   0.113002E+06   0.338942E+01
   0.566707E-04   0.113338E+06   0.113338E+06   0.151110E+06   0.151108E+06   0.000000E+00   0.113338E+06   0.113338E+06   0.122255E+06  -0.606844E+00   0.113002E+06   0.113002E+06   0.374267E+01
   0.625771E-04   0.113338E+06   0.113338E+06   0.151109E+06   0.151106E+06   0.000000E+00   0.113338E+06   0.113338E+06   0.122255E+06  -0.606843E+00   0.113002E+06   0.113002E+06   0.413274E+01
   0.690991E-04   0.113338E+06   0.113337E+06   0.151106E+06   0.151104E+06   0.000000E+00   0.113338E+06   0.113338E+06   0.122255E+06  -0.606841E+00   0.113002E+06   0.113002E+06   0.456346E+01
   0.763008E-04   0.113338E+06   0.113337E+06   0.151104E+06   0.151101E+06   0.000000E+00   0.113337E+06   0.113337E+06   0.122254E+06  -0.606840E+00   0.113002E+06   0.113002E+06   0.503907E+01
   0.842531E-04   0.113337E+06   0.113337E+06   0.151101E+06   0.151097E+06   0.000000E+00   0.113337E+06   0.113337E+06   0.122254E+06  -0.606838E+00   0.113002E+06   0.113001E+06   0.556425E+01
   0.930342E-04   0.113337E+06   0.113337E+06   0.151097E+06   0.151092E+06   0.000000E+00   0.113337E+06   0.113337E+06   0.122253E+06  -0.606835E+00   0.113001E+06   0.113001E+06   0.614415E+01
   0.102730E-03   0.113337E+06   0.113336E+06   0.151093E+06   0.151087E+06   0.000000E+00   0.113337E+06   0.113337E+06   0.122253E+06  -0.606832E+00   0.113001E+06   0.113001E+06   0.678450E+01
   0.113437E-03   0.113336E+06   0.113336E+06   0.151087E+06   0.151080E+06   0.000000E+00   0.113336E+06   0.113336E+06   0.122252E+06  -0.606828E+00   0.113001E+06   0.113000E+06   0.749157E+01
   0.125260E-03   0.113336E+06   0.113335E+06   0.151080E+06   0.151072E+06   0.000000E+00   0.113336E+06   0.113336E+06   0.122251E+06  -0.606824E+00   0.113000E+06   0.113000E+06   0.827232E+01
   0.138315E-03   0.113335E+06   0.113334E+06   0.151072E+06   0.151062E+06   0.000000E+00   0.113335E+06   0.113335E+06   0.122250E+06  -0.606818E+00   0.113000E+06   0.112999E+06   0.913444E+01
   0.152731E-03   0.113335E+06   0.113333E+06   0.151062E+06   0.151049E+06   0.000000E+00   0.113335E+06   0.113335E+06   0.122249E+06  -0.606811E+00   0.112999E+06   0.112998E+06   0.100864E+02
   0.168649E-03   0.113334E+06   0.113332E+06   0.151050E+06   0.151034E+06   0.000000E+00   0.113334E+06   0.113334E+06   0.122247E+06  -0.606803E+00   0.112998E+06   0.112997E+06   0.111375E+02
   0.186226E-03   0.113333E+06   0.113331E+06   0.151035E+06   0.151016E+06   0.000000E+00   0.113333E+06   0.113333E+06   0.122245E+06  -0.606793E+00   0.112997E+06   0.112996E+06   0.122982E+02
   0.205635E-03   0.113332E+06   0.113329E+06   0.151017E+06   0.150993E+06   0.000000E+00   0.113331E+06   0.113331E+06   0.122242E+06  -0.606780E+00   0.112996E+06   0.112995E+06   0.135798E+02
   0.227067E-03   0.113330E+06   0.113327E+06   0.150994E+06   0.150966E+06   0.000000E+00   0.113330E+06   0.113330E+06   0.122239E+06  -0.606765E+00   0.112994E+06   0.112993E+06   0.149949E+02
   0.250732E-03   0.113329E+06   0.113325E+06   0.150967E+06   0.150933E+06   0.000000E+00   0.113328E+06   0.113328E+06   0.122236E+06  -0.606747E+00   0.112992E+06   0.112991E+06   0.165574E+02
   0.276864E-03   0.113326E+06   0.113322E+06   0.150934E+06   0.150892E+06   0.000000E+00   0.113326E+06   0.113326E+06   0.122231E+06  -0.606724E+00   0.112990E+06   0.112988E+06   0.182826E+02
   0.305720E-03   0.113324E+06   0.113318E+06   0.150894E+06   0.150843E+06   0.000000E+00   0.113323E+06   0.113323E+06   0.122226E+06  -0.606697E+00   0.112987E+06   0.112985E+06   0.201876E+02
   0.337583E-03   0.113321E+06   0.113313E+06   0.150845E+06   0.150782E+06   0.000000E+00   0.113319E+06   0.113319E+06   0.122219E+06  -0.606663E+00   0.112984E+06   0.112981E+06   0.222908E+02
   0.372767E-03   0.113317E+06   0.113308E+06   0.150785E+06   0.150709E+06   0.000000E+00   0.113315E+06   0.113315E+06   0.122211E+06  -0.606623E+00   0.112980E+06   0.112977E+06   0.246131E+02
   0.411618E-03   0.113312E+06   0.113301E+06   0.150712E+06   0.150619E+06   0.000000E+00   0.113310E+06   0.113310E+06   0.122202E+06  -0.606573E+00   0.112975E+06   0.112971E+06   0.271770E+02
   0.454518E-03   0.113306E+06   0.113293E+06   0.150623E+06   0.150510E+06   0.000000E+00   0.113304E+06   0.113304E+06   0.122190E+06  -0.606512E+00   0.112969E+06   0.112964E+06   0.300076E+02
   0.501889E-03   0.113299E+06   0.113283E+06   0.150515E+06   0.150377E+06   0.000000E+00   0.113296E+06   0.113296E+06   0.122175E+06  -0.606439E+00   0.112962E+06   0.112956E+06   0.331327E+02
   0.554198E-03   0.113290E+06   0.113271E+06   0.150383E+06   0.150215E+06   0.000000E+00   0.113287E+06   0.113287E+06   0.122157E+06  -0.606349E+00   0.112953E+06   0.112945E+06   0.365826E+02
   0.611958E-03   0.113280E+06   0.113256E+06   0.150223E+06   0.150018E+06   0.000000E+00   0.113276E+06   0.113276E+06   0.122136E+06  -0.606239E+00   0.112942E+06   0.112933E+06   0.403910E+02
   0.675738E-03   0.113267E+06   0.113238E+06   0.150027E+06   0.149778E+06   0.000000E+00   0.113262E+06   0.113262E+06   0.122110E+06  -0.606106E+00   0.112928E+06   0.112917E+06   0.445948E+02
   0.746165E-03   0.113251E+06   0.113216E+06   0.149788E+06   0.149485E+06   0.000000E+00   0.113246E+06   0.113246E+06   0.122077E+06  -0.605943E+00   0.112912E+06   0.112899E+06   0.492346E+02
   0.823933E-03   0.113232E+06   0.113190E+06   0.149498E+06   0.149129E+06   0.000000E+00   0.113225E+06   0.113225E+06   0.122038E+06  -0.605745E+00   0.112892E+06   0.112876E+06   0.543553E+02
   0.909805E-03   0.113208E+06   0.113157E+06   0.149145E+06   0.148696E+06   0.000000E+00   0.113200E+06   0.113200E+06   0.121991E+06  -0.605503E+00   0.112868E+06   0.112848E+06   0.600059E+02
   0.100463E-02   0.113180E+06   0.113117E+06   0.148715E+06   0.148170E+06   0.000000E+00   0.113170E+06   0.113170E+06   0.121933E+06  -0.605209E+00   0.112838E+06   0.112814E+06   0.662406E+02
   0.110933E-02   0.113145E+06   0.113069E+06   0.148192E+06   0.147530E+06   0.000000E+00   0.113133E+06   0.113133E+06   0.121863E+06  -0.604851E+00   0.112803E+06   0.112773E+06   0.731183E+02
   0.122495E-02   0.113103E+06   0.113010E+06   0.147557E+06   0.146753E+06   0.000000E+00   0.113089E+06   0.113089E+06   0.121777E+06  -0.604416E+00   0.112759E+06   0.112723E+06   0.807038E+02
   0.135262E-02   0.113052E+06   0.112938E+06   0.146786E+06   0.145811E+06   0.000000E+00   0.113034E+06   0.113034E+06   0.121673E+06  -0.603886E+00   0.112705E+06   0.112661E+06   0.890678E+02
   0.149359E-02   0.112989E+06   0.112851E+06   0.145850E+06   0.144670E+06   0.000000E+00   0.112968E+06   0.112968E+06   0.121546E+06  -0.603242E+00   0.112640E+06   0.112587E+06   0.982874E+02
   0.164926E-02   0.112913E+06   0.112745E+06   0.144716E+06   0.143289E+06   0.000000E+00   0.112887E+06   0.112887E+06   0.121392E+06  -0.602460E+00   0.112561E+06   0.112496E+06   0.108446E+03
   0.182115E-02   0.112820E+06   0.112615E+06   0.143343E+06   0.141622E+06   0.000000E+00   0.112788E+06   0.112788E+06   0.121206E+06  -0.601511E+00   0.112465E+06   0.112385E+06   0.119634E+03
   0.201096E-02   0.112708E+06   0.112458E+06   0.141684E+06   0.139612E+06   0.000000E+00   0.112669E+06   0.112669E+06   0.120980E+06  -0.600359E+00   0.112348E+06   0.112251E+06   0.131949E+03
   0.222054E-02   0.112571E+06   0.112267E+06   0.139683E+06   0.137196E+06   0.000000E+00   0.112524E+06   0.112524E+06   0.120707E+06  -0.598964E+00   0.112206E+06   0.112087E+06   0.145494E+03
   0.245198E-02   0.112404E+06   0.112034E+06   0.137275E+06   0.134300E+06   0.000000E+00   0.112347E+06   0.112347E+06   0.120376E+06  -0.597277E+00   0.112032E+06   0.111889E+06   0.160381E+03
   0.270753E-02   0.112203E+06   0.111752E+06   0.134387E+06   0.130844E+06   0.000000E+00   0.112133E+06   0.112133E+06   0.119978E+06  -0.595239E+00   0.111822E+06   0.111647E+06   0.176726E+03
   0.298972E-02   0.111959E+06   0.111410E+06   0.130935E+06   0.126738E+06   0.000000E+00   0.111874E+06   0.111874E+06   0.119500E+06  -0.592784E+00   0.111567E+06   0.111355E+06   0.194648E+03
   0.330131E-02   0.111663E+06   0.110995E+06   0.126827E+06   0.121888E+06   0.000000E+00   0.111560E+06   0.111560E+06   0.118925E+06  -0.589833E+00   0.111258E+06   0.111000E+06   0.214270E+03
   0.364539E-02   0.111306E+06   0.110493E+06   0.121965E+06   0.116199E+06   0.000000E+00   0.111180E+06   0.111180E+06   0.118239E+06  -0.586298E+00   0.110884E+06   0.110570E+06   0.235715E+03
   0.402532E-02   0.110876E+06   0.109887E+06   0.116251E+06   0.109587E+06   0.000000E+00   0.110723E+06   0.110723E+06   0.117423E+06  -0.582077E+00   0.110432E+06   0.110050E+06   0.259098E+03
   0.444485E-02   0.110359E+06   0.109157E+06   0.109589E+06   0.101983E+06   0.000000E+00   0.110173E+06   0.110173E+06   0.116457E+06  -0.577062E+00   0.109886E+06   0.109424E+06   0.284529E+03
   0.490810E-02   0.109739E+06   0.108278E+06   0.101903E+06   0.933582E+05   0.000000E+00   0.109512E+06   0.109512E+06   0.115321E+06  -0.571135E+00   0.109230E+06   0.108670E+06   0.312094E+03
   0.541964E-02   0.108998E+06   0.107225E+06   0.931469E+05   0.837375E+05   0.000000E+00   0.108723E+06   0.108723E+06   0.113994E+06  -0.564175E+00   0.108442E+06   0.107765E+06   0.341859E+03
   0.598449E-02   0.108116E+06   0.105966E+06   0.833314E+05   0.732308E+05   0.000000E+00   0.107783E+06   0.107783E+06   0.112458E+06  -0.556067E+00   0.107500E+06   0.106682E+06   0.373846E+03
   0.660821E-02   0.107072E+06   0.104468E+06   0.725469E+05   0.620584E+05   0.000000E+00   0.106669E+06   0.106669E+06   0.110698E+06  -0.546707E+00   0.106378E+06   0.105393E+06   0.408028E+03
   0.729694E-02   0.105843E+06   0.102694E+06   0.609959E+05   0.505749E+05   0.000000E+00   0.105355E+06   0.105355E+06   0.108705E+06  -0.536019E+00   0.105049E+06   0.103864E+06   0.444310E+03
   0.805745E-02   0.104407E+06   0.100605E+06   0.490220E+05   0.392783E+05   0.000000E+00   0.103817E+06   0.103817E+06   0.106476E+06  -0.523967E+00   0.103485E+06   0.102064E+06   0.482510E+03
   0.889722E-02   0.102740E+06   0.981594E+05   0.371274E+05   0.287877E+05   0.000000E+00   0.102030E+06   0.102030E+06   0.104021E+06  -0.510570E+00   0.101657E+06   0.999584E+05   0.522342E+03
   0.982452E-02   0.100824E+06   0.953193E+05   0.259651E+05   0.197734E+05   0.000000E+00   0.999709E+05   0.999709E+05   0.101355E+06  -0.495911E+00   0.995398E+05   0.975168E+05   0.563400E+03
   0.108485E-01   0.986438E+05   0.920480E+05   0.162826E+05   0.128253E+05   0.000000E+00   0.976212E+05   0.976212E+05   0.984991E+05  -0.480137E+00   0.971131E+05   0.947138E+05   0.605136E+03
   0.119791E-01   0.961886E+05   0.883151E+05   0.880070E+04   0.826735E+04   0.000000E+00   0.949679E+05   0.949679E+05   0.954744E+05  -0.463439E+00   0.943648E+05   0.915329E+05   0.646849E+03
   0.132276E-01   0.934558E+05   0.840982E+05   0.401949E+04   0.596904E+04   0.000000E+00   0.920050E+05   0.920050E+05   0.922889E+05  -0.446013E+00   0.912943E+05   0.879699E+05   0.687664E+03
   0.146062E-01   0.904489E+05   0.793865E+05   0.198538E+04   0.526173E+04   0.000000E+00   0.887338E+05   0.887338E+05   0.889295E+05  -0.427997E+00   0.879136E+05   0.840354E+05   0.726506E+03
   0.161285E-01   0.871771E+05   0.741823E+05   0.211432E+04   0.509817E+04   0.000000E+00   0.851624E+05   0.851624E+05   0.853588E+05  -0.409416E+00   0.842471E+05   0.797551E+05   0.762059E+03
   0.178095E-01   0.836530E+05   0.685049E+05   0.322863E+04   0.451915E+04   0.000000E+00   0.813045E+05   0.813045E+05   0.815260E+05  -0.390152E+00   0.803270E+05   0.751674E+05   0.792695E+03
   0.196657E-01   0.798904E+05   0.623949E+05   0.395536E+04   0.324167E+04   0.000000E+00   0.771780E+05   0.771780E+05   0.773943E+05  -0.369998E+00   0.761870E+05   0.703194E+05   0.816390E+03
   0.217153E-01   0.759045E+05   0.559228E+05   0.344403E+04   0.186136E+04   0.000000E+00   0.728066E+05   0.728066E+05   0.729719E+05  -0.348782E+00   0.718565E+05   0.652641E+05   0.830657E+03
   0.239785E-01   0.717142E+05   0.492012E+05   0.197341E+04   0.120706E+04   0.000000E+00   0.682238E+05   0.682238E+05   0.683219E+05  -0.326524E+00   0.673605E+05   0.600642E+05   0.832577E+03
   0.264776E-01   0.673475E+05   0.423992E+05   0.734759E+03   0.114600E+04   0.000000E+00   0.634795E+05   0.634795E+05   0.635328E+05  -0.303503E+00   0.627228E+05   0.547974E+05   0.819006E+03
   0.292372E-01   0.628461E+05   0.357532E+05   0.572273E+03   0.868299E+03   0.000000E+00   0.586457E+05   0.586457E+05   0.586866E+05  -0.280133E+00   0.580090E+05   0.495995E+05   0.787011E+03
   0.322844E-01   0.582691E+05   0.295683E+05   0.911342E+03   0.652376E+03   0.000000E+00   0.538194E+05   0.538194E+05   0.538669E+05  -0.256936E+00   0.532911E+05   0.446252E+05   0.734452E+03
   0.356492E-01   0.536920E+05   0.241991E+05   0.679972E+03   0.488178E+03   0.000000E+00   0.491195E+05   0.491195E+05   0.491550E+05  -0.234414E+00   0.486742E+05   0.400669E+05   0.660639E+03
   0.393646E-01   0.492037E+05   0.200066E+05   0.197269E+03   0.364963E+03   0.000000E+00   0.446770E+05   0.446770E+05   0.446927E+05  -0.213112E+00   0.442759E+05   0.361171E+05   0.567106E+03
   0.434673E-01   0.448995E+05   0.172797E+05   0.293103E+03   0.273083E+03   0.000000E+00   0.406173E+05   0.406173E+05   0.406341E+05  -0.193662E+00   0.402068E+05   0.329225E+05   0.458531E+03
   0.478141E-01   0.410096E+05   0.161320E+05   0.209163E+03   0.208003E+03   0.000000E+00   0.371526E+05   0.371526E+05   0.371649E+05  -0.177093E+00   0.366734E+05   0.305948E+05   0.347852E+03
   0.521608E-01   0.377457E+05   0.162316E+05   0.164213E+03   0.163287E+03   0.000000E+00   0.344102E+05   0.344102E+05   0.344198E+05  -0.163980E+00   0.338504E+05   0.290795E+05   0.250267E+03
   0.565075E-01   0.349722E+05   0.169378E+05   0.132129E+03   0.131370E+03   0.000000E+00   0.321761E+05   0.321761E+05   0.321839E+05  -0.153305E+00   0.315261E+05   0.279821E+05   0.171606E+03
   0.608543E-01   0.325975E+05   0.177181E+05   0.108236E+03   0.107604E+03   0.000000E+00   0.302907E+05   0.302907E+05   0.302970E+05  -0.144300E+00   0.295653E+05   0.270230E+05   0.114310E+03
   0.652010E-01   0.305175E+05   0.181513E+05   0.896272E+02   0.890981E+02   0.000000E+00   0.286002E+05   0.286002E+05   0.286055E+05  -0.136231E+00   0.278356E+05   0.259814E+05   0.778104E+02
   0.695477E-01   0.286519E+05   0.179925E+05   0.746198E+02   0.741772E+02   0.000000E+00   0.269993E+05   0.269993E+05   0.270037E+05  -0.128595E+00   0.262400E+05   0.247335E+05   0.592663E+02
   0.738945E-01   0.269409E+05   0.171717E+05   0.622573E+02   0.618888E+02   0.000000E+00   0.254263E+05   0.254263E+05   0.254300E+05  -0.121095E+00   0.247117E+05   0.232428E+05   0.543909E+02
   0.782412E-01   0.253477E+05   0.157735E+05   0.519795E+02   0.516747E+02   0.000000E+00   0.238633E+05   0.238633E+05   0.238664E+05  -0.113646E+00   0.232219E+05   0.215552E+05   0.582883E+02
   0.825879E-01   0.238549E+05   0.139921E+05   0.434325E+02   0.431815E+02   0.000000E+00   0.223258E+05   0.223258E+05   0.223283E+05  -0.106320E+00   0.217743E+05   0.197754E+05   0.662258E+02
   0.869347E-01   0.224575E+05   0.120752E+05   0.363708E+02   0.361643E+02   0.000000E+00   0.208479E+05   0.208479E+05   0.208500E+05  -0.992788E-01   0.203911E+05   0.180321E+05   0.742468E+02
   0.912814E-01   0.211567E+05   0.102670E+05   0.306053E+02   0.304345E+02   0.000000E+00   0.194684E+05   0.194684E+05   0.194702E+05  -0.927072E-01   0.190974E+05   0.164434E+05   0.795549E+02
   0.966868E-01   0.196820E+05   0.846542E+04   0.249874E+02   0.248503E+02   0.000000E+00   0.179430E+05   0.179430E+05   0.179444E+05  -0.854406E-01   0.176490E+05   0.148146E+05   0.802092E+02
   0.102092E+00   0.183790E+05   0.736086E+04   0.207788E+02   0.206655E+02   0.000000E+00   0.166708E+05   0.166708E+05   0.166720E+05  -0.793801E-01   0.164132E+05   0.136505E+05   0.740415E+02
   0.107498E+00   0.172510E+05   0.697190E+04   0.176413E+02   0.175444E+02   0.000000E+00   0.156573E+05   0.156573E+05   0.156584E+05  -0.745523E-01   0.154014E+05   0.129357E+05   0.627611E+02
   0.112903E+00   0.162788E+05   0.713201E+04   0.152635E+02   0.151783E+02   0.000000E+00   0.148607E+05   0.148607E+05   0.148616E+05  -0.707568E-01   0.145832E+05   0.125545E+05   0.491649E+02
   0.118309E+00   0.154284E+05   0.756683E+04   0.133898E+02   0.133136E+02   0.000000E+00   0.142096E+05   0.142096E+05   0.142104E+05  -0.676548E-01   0.138998E+05   0.123373E+05   0.361371E+02
   0.123714E+00   0.146659E+05   0.799038E+04   0.118313E+02   0.117627E+02   0.000000E+00   0.136309E+05   0.136309E+05   0.136316E+05  -0.648983E-01   0.132918E+05   0.121219E+05   0.258755E+02
   0.129120E+00   0.139624E+05   0.818056E+04   0.104641E+02   0.104029E+02   0.000000E+00   0.130660E+05   0.130660E+05   0.130666E+05  -0.622074E-01   0.127123E+05   0.117928E+05   0.194854E+02
   0.134525E+00   0.132954E+05   0.802238E+04   0.922250E+01   0.916849E+01   0.000000E+00   0.124779E+05   0.124779E+05   0.124784E+05  -0.594065E-01   0.121306E+05   0.112974E+05   0.169471E+02
   0.139930E+00   0.126524E+05   0.751993E+04   0.808530E+01   0.803825E+01   0.000000E+00   0.118567E+05   0.118567E+05   0.118571E+05  -0.564485E-01   0.115358E+05   0.106475E+05   0.173691E+02
   0.145336E+00   0.120323E+05   0.677579E+04   0.705842E+01   0.701785E+01   0.000000E+00   0.112174E+05   0.112174E+05   0.112178E+05  -0.534044E-01   0.109364E+05   0.990591E+04   0.193997E+02
   0.150741E+00   0.114405E+05   0.594517E+04   0.615692E+01   0.612205E+01   0.000000E+00   0.105885E+05   0.105885E+05   0.105889E+05  -0.504102E-01   0.103505E+05   0.915739E+04   0.216568E+02
   0.156147E+00   0.108844E+05   0.518549E+04   0.539074E+01   0.536064E+01   0.000000E+00   0.100009E+05   0.100009E+05   0.100012E+05  -0.476123E-01   0.979917E+04   0.848275E+04   0.230678E+02
   0.161552E+00   0.103727E+05   0.461682E+04   0.475796E+01   0.473164E+01   0.000000E+00   0.948031E+04   0.948031E+04   0.948059E+04  -0.451337E-01   0.930279E+04   0.794147E+04   0.230563E+02
   0.166958E+00   0.991185E+04   0.429671E+04   0.424531E+01   0.422185E+01   0.000000E+00   0.904128E+04   0.904128E+04   0.904153E+04  -0.430433E-01   0.887505E+04   0.755888E+04   0.215701E+02
   0.172363E+00   0.950157E+04   0.421232E+04   0.383184E+01   0.381052E+01   0.000000E+00   0.868154E+04   0.868154E+04   0.868176E+04  -0.413303E-01   0.851514E+04   0.731975E+04   0.189762E+02
   0.177769E+00   0.913420E+04   0.429401E+04   0.349276E+01   0.347312E+01   0.000000E+00   0.838378E+04   0.838378E+04   0.838399E+04  -0.399125E-01   0.820875E+04   0.717748E+04   0.158731E+02
   0.183174E+00   0.879929E+04   0.444440E+04   0.320351E+01   0.318528E+01   0.000000E+00   0.812412E+04   0.812412E+04   0.812431E+04  -0.386760E-01   0.793731E+04   0.707467E+04   0.128857E+02
   0.188579E+00   0.848725E+04   0.456867E+04   0.294408E+01   0.292715E+01   0.000000E+00   0.787972E+04   0.787972E+04   0.787989E+04  -0.375123E-01   0.768402E+04   0.696028E+04   0.105012E+02
   0.193985E+00   0.818958E+04   0.459654E+04   0.270184E+01   0.268621E+01   0.000000E+00   0.763252E+04   0.763252E+04   0.763268E+04  -0.363353E-01   0.743460E+04   0.679820E+04   0.897652E+01
   0.199390E+00   0.789961E+04   0.449516E+04   0.247132E+01   0.245702E+01   0.000000E+00   0.737179E+04   0.737179E+04   0.737194E+04  -0.350939E-01   0.717890E+04   0.657250E+04   0.832153E+01
   0.204796E+00   0.761453E+04   0.427223E+04   0.225215E+01   0.223918E+01   0.000000E+00   0.709634E+04   0.709634E+04   0.709648E+04  -0.337825E-01   0.691465E+04   0.629009E+04   0.834438E+01
   0.210201E+00   0.733575E+04   0.396802E+04   0.204700E+01   0.203530E+01   0.000000E+00   0.681362E+04   0.681362E+04   0.681374E+04  -0.324365E-01   0.664733E+04   0.597597E+04   0.873908E+01
   0.215607E+00   0.706692E+04   0.363892E+04   0.185974E+01   0.184920E+01   0.000000E+00   0.653544E+04   0.653544E+04   0.653555E+04  -0.311122E-01   0.638580E+04   0.566210E+04   0.918425E+01
   0.221012E+00   0.681182E+04   0.333994E+04   0.169365E+01   0.168413E+01   0.000000E+00   0.627355E+04   0.627355E+04   0.627365E+04  -0.298653E-01   0.613842E+04   0.537717E+04   0.942438E+01
   0.226418E+00   0.657347E+04   0.311125E+04   0.154988E+01   0.154120E+01   0.000000E+00   0.603669E+04   0.603669E+04   0.603678E+04  -0.287377E-01   0.591163E+04   0.514063E+04   0.931726E+01
   0.231823E+00   0.635345E+04   0.297067E+04   0.142715E+01   0.141917E+01   0.000000E+00   0.582899E+04   0.582899E+04   0.582907E+04  -0.277489E-01   0.570899E+04   0.495965E+04   0.884439E+01
   0.237228E+00   0.615149E+04   0.291261E+04   0.132244E+01   0.131502E+01   0.000000E+00   0.564934E+04   0.564934E+04   0.564942E+04  -0.268936E-01   0.553014E+04   0.482874E+04   0.808986E+01
   0.242634E+00   0.596562E+04   0.291320E+04   0.123180E+01   0.122485E+01   0.000000E+00   0.549238E+04   0.549238E+04   0.549245E+04  -0.261463E-01   0.537121E+04   0.473290E+04   0.719820E+01
   0.248039E+00   0.579271E+04   0.293910E+04   0.115115E+01   0.114461E+01   0.000000E+00   0.535029E+04   0.535029E+04   0.535036E+04  -0.254698E-01   0.522635E+04   0.465291E+04   0.632579E+01
   0.253445E+00   0.562895E+04   0.295698E+04   0.107697E+01   0.107081E+01   0.000000E+00   0.521469E+04   0.521469E+04   0.521475E+04  -0.248242E-01   0.508898E+04   0.457032E+04   0.559948E+01
   0.258850E+00   0.547071E+04   0.294168E+04   0.100688E+01   0.100111E+01   0.000000E+00   0.507861E+04   0.507861E+04   0.507867E+04  -0.241764E-01   0.495321E+04   0.447158E+04   0.509108E+01
   0.264256E+00   0.531572E+04   0.288153E+04   0.939772E+00   0.934383E+00   0.000000E+00   0.493832E+04   0.493832E+04   0.493838E+04  -0.235085E-01   0.481559E+04   0.435102E+04   0.481030E+01
   0.269661E+00   0.516354E+04   0.277921E+04   0.875549E+00   0.870539E+00   0.000000E+00   0.479388E+04   0.479388E+04   0.479393E+04  -0.228209E-01   0.467599E+04   0.421142E+04   0.471395E+01
   0.275067E+00   0.501488E+04   0.264835E+04   0.814724E+00   0.810081E+00   0.000000E+00   0.464798E+04   0.464798E+04   0.464802E+04  -0.221263E-01   0.453651E+04   0.406134E+04   0.472663E+01
   0.280472E+00   0.487073E+04   0.250786E+04   0.758074E+00   0.753773E+00   0.000000E+00   0.450439E+04   0.450439E+04   0.450444E+04  -0.214427E-01   0.439983E+04   0.391136E+04   0.476535E+01
   0.285877E+00   0.473223E+04   0.237661E+04   0.706311E+00   0.702320E+00   0.000000E+00   0.436702E+04   0.436702E+04   0.436706E+04  -0.207888E-01   0.426863E+04   0.377121E+04   0.476090E+01
   0.291283E+00   0.460067E+04   0.226914E+04   0.659790E+00   0.656071E+00   0.000000E+00   0.423919E+04   0.423919E+04   0.423923E+04  -0.201803E-01   0.414545E+04   0.364814E+04   0.467154E+01
   0.296688E+00   0.447694E+04   0.219263E+04   0.618372E+00   0.614888E+00   0.000000E+00   0.412279E+04   0.412279E+04   0.412282E+04  -0.196261E-01   0.403200E+04   0.354544E+04   0.448731E+01
   0.302094E+00   0.436097E+04   0.214596E+04   0.581493E+00   0.578212E+00   0.000000E+00   0.401756E+04   0.401756E+04   0.401759E+04  -0.191251E-01   0.392828E+04   0.346168E+04   0.422615E+01
   0.307499E+00   0.425185E+04   0.212133E+04   0.548357E+00   0.545254E+00   0.000000E+00   0.392153E+04   0.392153E+04   0.392157E+04  -0.186680E-01   0.383272E+04   0.339174E+04   0.392395E+01
   0.312905E+00   0.414838E+04   0.210753E+04   0.518117E+00   0.515176E+00   0.000000E+00   0.383197E+04   0.383197E+04   0.383200E+04  -0.182416E-01   0.374316E+04   0.332894E+04   0.362211E+01
   0.318310E+00   0.404941E+04   0.209317E+04   0.490003E+00   0.487214E+00   0.000000E+00   0.374612E+04   0.374612E+04   0.374614E+04  -0.178329E-01   0.365747E+04   0.326703E+04   0.335622E+01
   0.323716E+00   0.395375E+04   0.206933E+04   0.463429E+00   0.460786E+00   0.000000E+00   0.366159E+04   0.366159E+04   0.366162E+04  -0.174305E-01   0.357377E+04   0.320129E+04   0.314838E+01
   0.329121E+00   0.386045E+04   0.203119E+04   0.438057E+00   0.435558E+00   0.000000E+00   0.357684E+04   0.357684E+04   0.357687E+04  -0.170271E-01   0.349069E+04   0.312930E+04   0.300442E+01
   0.334526E+00   0.376907E+04   0.197872E+04   0.413801E+00   0.411443E+00   0.000000E+00   0.349149E+04   0.349149E+04   0.349152E+04  -0.166208E-01   0.340776E+04   0.305130E+04   0.291551E+01
   0.339932E+00   0.367976E+04   0.191592E+04   0.390741E+00   0.388518E+00   0.000000E+00   0.340630E+04   0.340630E+04   0.340632E+04  -0.162152E-01   0.332546E+04   0.296977E+04   0.286296E+01
   0.345337E+00   0.359294E+04   0.184907E+04   0.369019E+00   0.366924E+00   0.000000E+00   0.332258E+04   0.332258E+04   0.332260E+04  -0.158166E-01   0.324481E+04   0.288834E+04   0.282441E+01
   0.350743E+00   0.350903E+04   0.178470E+04   0.348766E+00   0.346790E+00   0.000000E+00   0.324169E+04   0.324169E+04   0.324172E+04  -0.154316E-01   0.316687E+04   0.281052E+04   0.277993E+01
   0.356148E+00   0.342840E+04   0.172799E+04   0.330056E+00   0.328188E+00   0.000000E+00   0.316477E+04   0.316477E+04   0.316479E+04  -0.150654E-01   0.309246E+04   0.273891E+04   0.271619E+01
   0.361554E+00   0.335130E+04   0.168187E+04   0.312882E+00   0.311112E+00   0.000000E+00   0.309248E+04   0.309248E+04   0.309249E+04  -0.147212E-01   0.302209E+04   0.267478E+04   0.262835E+01
   0.366959E+00   0.327778E+04   0.164655E+04   0.297138E+00   0.295456E+00   0.000000E+00   0.302488E+04   0.302488E+04   0.302489E+04  -0.143994E-01   0.295583E+04   0.261794E+04   0.251947E+01
   0.372365E+00   0.320757E+04   0.161987E+04   0.282639E+00   0.281038E+00   0.000000E+00   0.296141E+04   0.296141E+04   0.296143E+04  -0.140973E-01   0.289328E+04   0.256691E+04   0.239815E+01
   0.377770E+00   0.314024E+04   0.159825E+04   0.269171E+00   0.267644E+00   0.000000E+00   0.290117E+04   0.290117E+04   0.290119E+04  -0.138105E-01   0.283373E+04   0.251958E+04   0.227537E+01
   0.383175E+00   0.307537E+04   0.157782E+04   0.256536E+00   0.255079E+00   0.000000E+00   0.284319E+04   0.284319E+04   0.284321E+04  -0.135345E-01   0.277645E+04   0.247377E+04   0.216140E+01
   0.388581E+00   0.301257E+04   0.155537E+04   0.244581E+00   0.243190E+00   0.000000E+00   0.278665E+04   0.278665E+04   0.278666E+04  -0.132654E-01   0.272078E+04   0.242775E+04   0.206337E+01
   0.393986E+00   0.295147E+04   0.152890E+04   0.233198E+00   0.231872E+00   0.000000E+00   0.273092E+04   0.273092E+04   0.273093E+04  -0.130001E-01   0.266616E+04   0.238046E+04   0.198413E+01
   0.399392E+00   0.289180E+04   0.149790E+04   0.222331E+00   0.221067E+00   0.000000E+00   0.267569E+04   0.267569E+04   0.267571E+04  -0.127372E-01   0.261229E+04   0.233169E+04   0.192233E+01
   0.404797E+00   0.283351E+04   0.146335E+04   0.211971E+00   0.210767E+00   0.000000E+00   0.262108E+04   0.262108E+04   0.262109E+04  -0.124772E-01   0.255921E+04   0.228204E+04   0.187348E+01
   0.410203E+00   0.277674E+04   0.142718E+04   0.202139E+00   0.200991E+00   0.000000E+00   0.256751E+04   0.256751E+04   0.256752E+04  -0.122221E-01   0.250725E+04   0.223266E+04   0.183160E+01
   0.415608E+00   0.272165E+04   0.139159E+04   0.192856E+00   0.191762E+00   0.000000E+00   0.251544E+04   0.251544E+04   0.251545E+04  -0.119743E-01   0.245677E+04   0.218475E+04   0.179085E+01
   0.421014E+00   0.266829E+04   0.135840E+04   0.184134E+00   0.183090E+00   0.000000E+00   0.246520E+04   0.246520E+04   0.246521E+04  -0.117351E-01   0.240799E+04   0.213920E+04   0.174689E+01
   0.426419E+00   0.261668E+04   0.132874E+04   0.175964E+00   0.174967E+00   0.000000E+00   0.241700E+04   0.241700E+04   0.241701E+04  -0.115057E-01   0.236104E+04   0.209649E+04   0.169756E+01
   0.431825E+00   0.256690E+04   0.130301E+04   0.168322E+00   0.167368E+00   0.000000E+00   0.237094E+04   0.237094E+04   0.237095E+04  -0.112864E-01   0.231602E+04   0.205673E+04   0.164293E+01
   0.437230E+00   0.251891E+04   0.128079E+04   0.161163E+00   0.160249E+00   0.000000E+00   0.232695E+04   0.232695E+04   0.232696E+04  -0.110770E-01   0.227290E+04   0.201965E+04   0.158487E+01
   0.442635E+00   0.247257E+04   0.126101E+04   0.154430E+00   0.153554E+00   0.000000E+00   0.228473E+04   0.228473E+04   0.228474E+04  -0.108760E-01   0.223145E+04   0.198456E+04   0.152619E+01
   0.448041E+00   0.242765E+04   0.124233E+04   0.148066E+00   0.147226E+00   0.000000E+00   0.224388E+04   0.224388E+04   0.224389E+04  -0.106816E-01   0.219132E+04   0.195064E+04   0.146983E+01
   0.453446E+00   0.238399E+04   0.122361E+04   0.142023E+00   0.141216E+00   0.000000E+00   0.220409E+04   0.220409E+04   0.220409E+04  -0.104921E-01   0.215227E+04   0.191727E+04   0.141806E+01
   0.458852E+00   0.234152E+04   0.120409E+04   0.136263E+00   0.135489E+00   0.000000E+00   0.216517E+04   0.216517E+04   0.216518E+04  -0.103069E-01   0.211416E+04   0.188407E+04   0.137207E+01
   0.464257E+00   0.230013E+04   0.118345E+04   0.130763E+00   0.130020E+00   0.000000E+00   0.212700E+04   0.212700E+04   0.212701E+04  -0.101252E-01   0.207689E+04   0.185090E+04   0.133189E+01
   0.469663E+00   0.225971E+04   0.116177E+04   0.125508E+00   0.124795E+00   0.000000E+00   0.208949E+04   0.208949E+04   0.208950E+04  -0.994659E-02   0.204032E+04   0.181777E+04   0.129657E+01
   0.475068E+00   0.222024E+04   0.113951E+04   0.120495E+00   0.119811E+00   0.000000E+00   0.205268E+04   0.205268E+04   0.205269E+04  -0.977137E-02   0.200447E+04   0.178492E+04   0.126454E+01
   0.480474E+00   0.218177E+04   0.111740E+04   0.115723E+00   0.115066E+00   0.000000E+00   0.201675E+04   0.201675E+04   0.201676E+04  -0.960033E-02   0.196950E+04   0.175278E+04   0.123414E+01
   0.485879E+00   0.214438E+04   0.109612E+04   0.111191E+00   0.110560E+00   0.000000E+00   0.198185E+04   0.198185E+04   0.198186E+04  -0.943421E-02   0.193552E+04   0.172172E+04   0.120395E+01
   0.491284E+00   0.210803E+04   0.107610E+04   0.106894E+00   0.106287E+00   0.000000E+00   0.194804E+04   0.194804E+04   0.194805E+04  -0.927323E-02   0.190256E+04   0.169193E+04   0.117308E+01
   0.496690E+00   0.207269E+04   0.105751E+04   0.102821E+00   0.102238E+00   0.000000E+00   0.191530E+04   0.191530E+04   0.191530E+04  -0.911738E-02   0.187059E+04   0.166342E+04   0.114128E+01
   0.502095E+00   0.203836E+04   0.104033E+04   0.989595E-01   0.983982E-01   0.000000E+00   0.188362E+04   0.188362E+04   0.188363E+04  -0.896659E-02   0.183962E+04   0.163614E+04   0.110885E+01
   0.507501E+00   0.200502E+04   0.102433E+04   0.952942E-01   0.947536E-01   0.000000E+00   0.185297E+04   0.185297E+04   0.185298E+04  -0.882068E-02   0.180962E+04   0.160996E+04   0.107644E+01
   0.512906E+00   0.197260E+04   0.100910E+04   0.918068E-01   0.912858E-01   0.000000E+00   0.182322E+04   0.182322E+04   0.182322E+04  -0.867905E-02   0.178049E+04   0.158463E+04   0.104484E+01
   0.518312E+00   0.194101E+04   0.994211E+03   0.884794E-01   0.879772E-01   0.000000E+00   0.179422E+04   0.179422E+04   0.179422E+04  -0.854098E-02   0.175210E+04   0.155988E+04   0.101473E+01
   0.523717E+00   0.191017E+04   0.979355E+03   0.852984E-01   0.848141E-01   0.000000E+00   0.176586E+04   0.176586E+04   0.176587E+04  -0.840600E-02   0.172436E+04   0.153552E+04   0.986579E+00
   0.529123E+00   0.188009E+04   0.964379E+03   0.822538E-01   0.817869E-01   0.000000E+00   0.173812E+04   0.173812E+04   0.173812E+04  -0.827392E-02   0.169724E+04   0.151150E+04   0.960510E+00
   0.534528E+00   0.185071E+04   0.949261E+03   0.793384E-01   0.788880E-01   0.000000E+00   0.171095E+04   0.171095E+04   0.171096E+04  -0.814462E-02   0.167073E+04   0.148780E+04   0.936364E+00
   0.539933E+00   0.182201E+04   0.934076E+03   0.765460E-01   0.761115E-01   0.000000E+00   0.168434E+04   0.168434E+04   0.168435E+04  -0.801794E-02   0.164477E+04   0.146445E+04   0.913767E+00
   0.545339E+00   0.179394E+04   0.918994E+03   0.738724E-01   0.734532E-01   0.000000E+00   0.165829E+04   0.165829E+04   0.165830E+04  -0.789394E-02   0.161936E+04   0.144153E+04   0.892249E+00
   0.550744E+00   0.176655E+04   0.904242E+03   0.713155E-01   0.709108E-01   0.000000E+00   0.163286E+04   0.163286E+04   0.163286E+04  -0.777285E-02   0.159455E+04   0.141916E+04   0.871369E+00
   0.556150E+00   0.173983E+04   0.890007E+03   0.688722E-01   0.684814E-01   0.000000E+00   0.160808E+04   0.160808E+04   0.160808E+04  -0.765489E-02   0.157038E+04   0.139744E+04   0.850798E+00
   0.561555E+00   0.171377E+04   0.876374E+03   0.665379E-01   0.661604E-01   0.000000E+00   0.158394E+04   0.158394E+04   0.158395E+04  -0.754001E-02   0.154682E+04   0.137640E+04   0.830368E+00
   0.566961E+00   0.168833E+04   0.863340E+03   0.643068E-01   0.639419E-01   0.000000E+00   0.156043E+04   0.156043E+04   0.156043E+04  -0.742807E-02   0.152385E+04   0.135599E+04   0.810070E+00
   0.572366E+00   0.166351E+04   0.850858E+03   0.621730E-01   0.618202E-01   0.000000E+00   0.153751E+04   0.153751E+04   0.153752E+04  -0.731899E-02   0.150145E+04   0.133619E+04   0.790025E+00
   0.577772E+00   0.163928E+04   0.838841E+03   0.601311E-01   0.597899E-01   0.000000E+00   0.151518E+04   0.151518E+04   0.151519E+04  -0.721269E-02   0.147962E+04   0.131694E+04   0.770420E+00
   0.583610E+00   0.161378E+04   0.826313E+03   0.580229E-01   0.576936E-01   0.000000E+00   0.149169E+04   0.149169E+04   0.149169E+04  -0.710086E-02   0.145665E+04   0.129672E+04   0.749838E+00
   0.606951E+00   0.151763E+04   0.777468E+03   0.504542E-01   0.501679E-01   0.000000E+00   0.140288E+04   0.140288E+04   0.140288E+04  -0.667808E-02   0.136990E+04   0.121959E+04   0.677592E+00
   0.631226E+00   0.142678E+04   0.730258E+03   0.438507E-01   0.436018E-01   0.000000E+00   0.131879E+04   0.131879E+04   0.131879E+04  -0.627781E-02   0.128781E+04   0.114627E+04   0.613527E+00
   0.656471E+00   0.134119E+04   0.686886E+03   0.381152E-01   0.378988E-01   0.000000E+00   0.123975E+04   0.123975E+04   0.123975E+04  -0.590152E-02   0.121059E+04   0.107775E+04   0.553672E+00
   0.819834E+00   0.940933E+03   0.481923E+03   0.171472E-01   0.170499E-01   0.000000E+00   0.869768E+03   0.869768E+03   0.869769E+03  -0.414032E-02   0.849277E+03   0.756145E+03   0.310826E+00
   0.102385E+01   0.656232E+03   0.336157E+03   0.766863E-02   0.762512E-02   0.000000E+00   0.606608E+03   0.606608E+03   0.606608E+03  -0.288760E-02   0.592293E+03   0.527394E+03   0.173439E+00
   0.127863E+01   0.455246E+03   0.233229E+03   0.341133E-02   0.339197E-02   0.000000E+00   0.420825E+03   0.420825E+03   0.420825E+03  -0.200323E-02   0.410881E+03   0.365889E+03   0.962797E-01
   0.159682E+01   0.314302E+03   0.161036E+03   0.151020E-02   0.150163E-02   0.000000E+00   0.290540E+03   0.290540E+03   0.290540E+03  -0.138304E-02   0.283667E+03   0.252622E+03   0.531975E-01
   0.199418E+01   0.216057E+03   0.110708E+03   0.665675E-03   0.661898E-03   0.000000E+00   0.199724E+03   0.199724E+03   0.199724E+03  -0.950733E-03   0.194995E+03   0.173663E+03   0.292691E-01
   0.249043E+01   0.147939E+03   0.758096E+02   0.292266E-03   0.290608E-03   0.000000E+00   0.136756E+03   0.136756E+03   0.136756E+03  -0.650991E-03   0.133515E+03   0.118914E+03   0.160419E-01
   0.311018E+01   0.100936E+03   0.517265E+02   0.127862E-03   0.127137E-03   0.000000E+00   0.933068E+02   0.933068E+02   0.933068E+02  -0.444162E-03   0.910942E+02   0.811350E+02   0.876158E-02
   0.388414E+01   0.686439E+02   0.351794E+02   0.557562E-04   0.554398E-04   0.000000E+00   0.634556E+02   0.634556E+02   0.634556E+02  -0.302064E-03   0.619500E+02   0.551785E+02   0.477015E-02
   0.485070E+01   0.465446E+02   0.238546E+02   0.242412E-04   0.241036E-04   0.000000E+00   0.430267E+02   0.430267E+02   0.430267E+02  -0.204817E-03   0.420053E+02   0.374145E+02   0.258958E-02
   0.605780E+01   0.314744E+02   0.161314E+02   0.105108E-04   0.104511E-04   0.000000E+00   0.290957E+02   0.290957E+02   0.290957E+02  -0.138502E-03   0.284046E+02   0.253003E+02   0.140214E-02
   0.756527E+01   0.212308E+02   0.108814E+02   0.454603E-05   0.452024E-05   0.000000E+00   0.196262E+02   0.196262E+02   0.196262E+02  -0.934255E-04   0.191599E+02   0.170658E+02   0.757406E-03
   0.944788E+01   0.142883E+02   0.732318E+01   0.196171E-05   0.195058E-05   0.000000E+00   0.132085E+02   0.132085E+02   0.132085E+02  -0.628754E-04   0.128945E+02   0.114848E+02   0.408279E-03
   0.117990E+02   0.959583E+01   0.491800E+01   0.844734E-06   0.839943E-06   0.000000E+00   0.887058E+01   0.887058E+01   0.887058E+01  -0.422260E-04   0.865971E+01   0.771240E+01   0.219680E-03
   0.147351E+02   0.643188E+01   0.329623E+01   0.363041E-06   0.360982E-06   0.000000E+00   0.594573E+01   0.594573E+01   0.594573E+01  -0.283031E-04   0.580437E+01   0.516878E+01   0.118023E-03
   0.184020E+02   0.430338E+01   0.220516E+01   0.155741E-06   0.154858E-06   0.000000E+00   0.397808E+01   0.397808E+01   0.397808E+01  -0.189366E-04   0.388350E+01   0.345755E+01   0.633342E-04
   0.229813E+02   0.287446E+01   0.147267E+01   0.666986E-07   0.663206E-07   0.000000E+00   0.265713E+01   0.265713E+01   0.265713E+01  -0.126486E-04   0.259397E+01   0.230871E+01   0.339641E-04
   0.287001E+02   0.191703E+01   0.981841E+00   0.285196E-07   0.283580E-07   0.000000E+00   0.177204E+01   0.177204E+01   0.177204E+01  -0.843532E-05   0.172994E+01   0.153889E+01   0.182136E-04
