#           k/h    P           
    0.10000E-03    0.44235E+03
    0.10202E-03    0.45096E+03
    0.10408E-03    0.45974E+03
    0.10618E-03    0.46868E+03
    0.10833E-03    0.47780E+03
    0.11052E-03    0.48709E+03
    0.11275E-03    0.49657E+03
    0.11503E-03    0.50623E+03
    0.11735E-03    0.51608E+03
    0.11972E-03    0.52612E+03
    0.12214E-03    0.53635E+03
    0.12461E-03    0.54678E+03
    0.12712E-03    0.55742E+03
    0.12969E-03    0.56826E+03
    0.13231E-03    0.57932E+03
    0.13499E-03    0.59058E+03
    0.13771E-03    0.60207E+03
    0.14049E-03    0.61378E+03
    0.14333E-03    0.62571E+03
    0.14623E-03    0.63788E+03
    0.14918E-03    0.65029E+03
    0.15220E-03    0.66293E+03
    0.15527E-03    0.67582E+03
    0.15841E-03    0.68896E+03
    0.16161E-03    0.70235E+03
    0.16487E-03    0.71601E+03
    0.16820E-03    0.72993E+03
    0.17160E-03    0.74412E+03
    0.17507E-03    0.75858E+03
    0.17860E-03    0.77332E+03
    0.18221E-03    0.78835E+03
    0.18589E-03    0.80367E+03
    0.18965E-03    0.81929E+03
    0.19348E-03    0.83521E+03
    0.19739E-03    0.85144E+03
    0.20138E-03    0.86798E+03
    0.20544E-03    0.88484E+03
    0.20959E-03    0.90203E+03
    0.21383E-03    0.91955E+03
    0.21815E-03    0.93741E+03
    0.22255E-03    0.95561E+03
    0.22705E-03    0.97417E+03
    0.23164E-03    0.99308E+03
    0.23632E-03    0.10124E+04
    0.24109E-03    0.10320E+04
    0.24596E-03    0.10520E+04
    0.25093E-03    0.10725E+04
    0.25600E-03    0.10933E+04
    0.26117E-03    0.11145E+04
    0.26645E-03    0.11361E+04
    0.27183E-03    0.11581E+04
    0.27732E-03    0.11806E+04
    0.28292E-03    0.12035E+04
    0.28864E-03    0.12268E+04
    0.29447E-03    0.12506E+04
    0.30042E-03    0.12749E+04
    0.30649E-03    0.12996E+04
    0.31268E-03    0.13247E+04
    0.31899E-03    0.13504E+04
    0.32544E-03    0.13766E+04
    0.33201E-03    0.14032E+04
    0.33872E-03    0.14304E+04
    0.34556E-03    0.14581E+04
    0.35254E-03    0.14863E+04
    0.35966E-03    0.15150E+04
    0.36693E-03    0.15443E+04
    0.37434E-03    0.15742E+04
    0.38190E-03    0.16047E+04
    0.38962E-03    0.16357E+04
    0.39749E-03    0.16673E+04
    0.40552E-03    0.16995E+04
    0.41371E-03    0.17323E+04
    0.42207E-03    0.17658E+04
    0.43060E-03    0.17998E+04
    0.43929E-03    0.18346E+04
    0.44817E-03    0.18699E+04
    0.45722E-03    0.19060E+04
    0.46646E-03    0.19427E+04
    0.47588E-03    0.19802E+04
    0.48550E-03    0.20183E+04
    0.49530E-03    0.20572E+04
    0.50531E-03    0.20968E+04
    0.51552E-03    0.21371E+04
    0.52593E-03    0.21782E+04
    0.53656E-03    0.22201E+04
    0.54739E-03    0.22627E+04
    0.55845E-03    0.23062E+04
    0.56973E-03    0.23504E+04
    0.58124E-03    0.23955E+04
    0.59299E-03    0.24415E+04
    0.60496E-03    0.24883E+04
    0.61719E-03    0.25359E+04
    0.62965E-03    0.25845E+04
    0.64237E-03    0.26339E+04
    0.65535E-03    0.26843E+04
    0.66859E-03    0.27356E+04
    0.68210E-03    0.27878E+04
    0.69588E-03    0.28410E+04
    0.70993E-03    0.28952E+04
    0.72427E-03    0.29504E+04
    0.73891E-03    0.30066E+04
    0.75383E-03    0.30638E+04
    0.76906E-03    0.31221E+04
    0.78460E-03    0.31814E+04
    0.80045E-03    0.32418E+04
    0.81662E-03    0.33034E+04
    0.83311E-03    0.33660E+04
    0.84994E-03    0.34297E+04
    0.86711E-03    0.34946E+04
    0.88463E-03    0.35607E+04
    0.90250E-03    0.36280E+04
    0.92073E-03    0.36965E+04
    0.93933E-03    0.37662E+04
    0.95831E-03    0.38371E+04
    0.97767E-03    0.39093E+04
    0.99742E-03    0.39828E+04
    0.10176E-02    0.40576E+04
    0.10381E-02    0.41337E+04
    0.10591E-02    0.42111E+04
    0.10805E-02    0.42899E+04
    0.11023E-02    0.43701E+04
    0.11246E-02    0.44517E+04
    0.11473E-02    0.45347E+04
    0.11705E-02    0.46191E+04
    0.11941E-02    0.47050E+04
    0.12182E-02    0.47924E+04
    0.12429E-02    0.48813E+04
    0.12680E-02    0.49716E+04
    0.12936E-02    0.50636E+04
    0.13197E-02    0.51571E+04
    0.13464E-02    0.52521E+04
    0.13736E-02    0.53488E+04
    0.14013E-02    0.54470E+04
    0.14296E-02    0.55469E+04
    0.14585E-02    0.56485E+04
    0.14880E-02    0.57517E+04
    0.15180E-02    0.58567E+04
    0.15487E-02    0.59633E+04
    0.15800E-02    0.60717E+04
    0.16119E-02    0.61818E+04
    0.16445E-02    0.62937E+04
    0.16777E-02    0.64074E+04
    0.17116E-02    0.65229E+04
    0.17462E-02    0.66402E+04
    0.17814E-02    0.67594E+04
    0.18174E-02    0.68804E+04
    0.18541E-02    0.70033E+04
    0.18916E-02    0.71281E+04
    0.19298E-02    0.72548E+04
    0.19688E-02    0.73834E+04
    0.20086E-02    0.75140E+04
    0.20491E-02    0.76465E+04
    0.20905E-02    0.77810E+04
    0.21328E-02    0.79174E+04
    0.21758E-02    0.80559E+04
    0.22198E-02    0.81963E+04
    0.22646E-02    0.83388E+04
    0.23104E-02    0.84833E+04
    0.23571E-02    0.86298E+04
    0.24047E-02    0.87783E+04
    0.24533E-02    0.89289E+04
    0.25028E-02    0.90816E+04
    0.25534E-02    0.92363E+04
    0.26050E-02    0.93931E+04
    0.26576E-02    0.95520E+04
    0.27113E-02    0.97129E+04
    0.27660E-02    0.98759E+04
    0.28219E-02    0.10041E+05
    0.28789E-02    0.10208E+05
    0.29371E-02    0.10377E+05
    0.29964E-02    0.10548E+05
    0.30569E-02    0.10722E+05
    0.31187E-02    0.10897E+05
    0.31817E-02    0.11075E+05
    0.32460E-02    0.11254E+05
    0.33115E-02    0.11435E+05
    0.33784E-02    0.11619E+05
    0.34467E-02    0.11804E+05
    0.35163E-02    0.11992E+05
    0.35874E-02    0.12181E+05
    0.36598E-02    0.12372E+05
    0.37338E-02    0.12565E+05
    0.38092E-02    0.12760E+05
    0.38861E-02    0.12957E+05
    0.39646E-02    0.13156E+05
    0.40447E-02    0.13357E+05
    0.41264E-02    0.13559E+05
    0.42098E-02    0.13763E+05
    0.42948E-02    0.13968E+05
    0.43816E-02    0.14175E+05
    0.44701E-02    0.14384E+05
    0.45604E-02    0.14595E+05
    0.46525E-02    0.14806E+05
    0.47465E-02    0.15019E+05
    0.48424E-02    0.15234E+05
    0.49402E-02    0.15450E+05
    0.50400E-02    0.15667E+05
    0.51419E-02    0.15885E+05
    0.52457E-02    0.16104E+05
    0.53517E-02    0.16324E+05
    0.54598E-02    0.16546E+05
    0.55701E-02    0.16768E+05
    0.56826E-02    0.16990E+05
    0.57974E-02    0.17214E+05
    0.59145E-02    0.17438E+05
    0.60340E-02    0.17662E+05
    0.61559E-02    0.17887E+05
    0.62803E-02    0.18112E+05
    0.64072E-02    0.18337E+05
    0.65366E-02    0.18563E+05
    0.66686E-02    0.18788E+05
    0.68033E-02    0.19013E+05
    0.69408E-02    0.19237E+05
    0.70810E-02    0.19461E+05
    0.72240E-02    0.19685E+05
    0.73700E-02    0.19907E+05
    0.75189E-02    0.20129E+05
    0.76708E-02    0.20349E+05
    0.78257E-02    0.20569E+05
    0.79838E-02    0.20787E+05
    0.81451E-02    0.21003E+05
    0.83096E-02    0.21218E+05
    0.84775E-02    0.21430E+05
    0.86488E-02    0.21641E+05
    0.88235E-02    0.21849E+05
    0.90017E-02    0.22055E+05
    0.91836E-02    0.22258E+05
    0.93691E-02    0.22458E+05
    0.95583E-02    0.22655E+05
    0.97514E-02    0.22848E+05
    0.99484E-02    0.23038E+05
    0.10149E-01    0.23224E+05
    0.10354E-01    0.23406E+05
    0.10564E-01    0.23584E+05
    0.10777E-01    0.23757E+05
    0.10995E-01    0.23926E+05
    0.11217E-01    0.24089E+05
    0.11443E-01    0.24247E+05
    0.11675E-01    0.24400E+05
    0.11910E-01    0.24547E+05
    0.12151E-01    0.24687E+05
    0.12397E-01    0.24821E+05
    0.12647E-01    0.24949E+05
    0.12902E-01    0.25070E+05
    0.13163E-01    0.25183E+05
    0.13429E-01    0.25289E+05
    0.13700E-01    0.25387E+05
    0.13977E-01    0.25477E+05
    0.14259E-01    0.25559E+05
    0.14547E-01    0.25632E+05
    0.14841E-01    0.25696E+05
    0.15141E-01    0.25751E+05
    0.15447E-01    0.25797E+05
    0.15759E-01    0.25833E+05
    0.16077E-01    0.25859E+05
    0.16402E-01    0.25874E+05
    0.16734E-01    0.25879E+05
    0.17072E-01    0.25874E+05
    0.17416E-01    0.25857E+05
    0.17768E-01    0.25829E+05
    0.18127E-01    0.25790E+05
    0.18493E-01    0.25739E+05
    0.18867E-01    0.25676E+05
    0.19248E-01    0.25602E+05
    0.19637E-01    0.25515E+05
    0.20034E-01    0.25416E+05
    0.20438E-01    0.25305E+05
    0.20851E-01    0.25182E+05
    0.21272E-01    0.25046E+05
    0.21702E-01    0.24898E+05
    0.22141E-01    0.24738E+05
    0.22588E-01    0.24565E+05
    0.23044E-01    0.24381E+05
    0.23510E-01    0.24184E+05
    0.23985E-01    0.23975E+05
    0.24469E-01    0.23755E+05
    0.24964E-01    0.23524E+05
    0.25468E-01    0.23282E+05
    0.25982E-01    0.23029E+05
    0.26507E-01    0.22765E+05
    0.27043E-01    0.22492E+05
    0.27589E-01    0.22210E+05
    0.28146E-01    0.21919E+05
    0.28715E-01    0.21619E+05
    0.29295E-01    0.21312E+05
    0.29887E-01    0.20999E+05
    0.30490E-01    0.20679E+05
    0.31106E-01    0.20353E+05
    0.31735E-01    0.20023E+05
    0.32376E-01    0.19690E+05
    0.33030E-01    0.19353E+05
    0.33697E-01    0.19014E+05
    0.34378E-01    0.18675E+05
    0.35072E-01    0.18335E+05
    0.35781E-01    0.17995E+05
    0.36504E-01    0.17657E+05
    0.37241E-01    0.17322E+05
    0.37993E-01    0.16990E+05
    0.38761E-01    0.16663E+05
    0.39544E-01    0.16342E+05
    0.40343E-01    0.16027E+05
    0.41158E-01    0.15718E+05
    0.41989E-01    0.15417E+05
    0.42838E-01    0.15123E+05
    0.43703E-01    0.14837E+05
    0.44586E-01    0.14559E+05
    0.45486E-01    0.14291E+05
    0.46405E-01    0.14033E+05
    0.47343E-01    0.13787E+05
    0.48299E-01    0.13552E+05
    0.49275E-01    0.13330E+05
    0.50270E-01    0.13119E+05
    0.51286E-01    0.12917E+05
    0.52322E-01    0.12724E+05
    0.53379E-01    0.12538E+05
    0.54457E-01    0.12360E+05
    0.55557E-01    0.12188E+05
    0.56680E-01    0.12023E+05
    0.57825E-01    0.11863E+05
    0.58993E-01    0.11707E+05
    0.60184E-01    0.11553E+05
    0.61400E-01    0.11400E+05
    0.62641E-01    0.11246E+05
    0.63906E-01    0.11089E+05
    0.65197E-01    0.10928E+05
    0.66514E-01    0.10761E+05
    0.67858E-01    0.10588E+05
    0.69229E-01    0.10406E+05
    0.70627E-01    0.10214E+05
    0.72054E-01    0.10012E+05
    0.73510E-01    0.97980E+04
    0.74994E-01    0.95731E+04
    0.76509E-01    0.93370E+04
    0.78055E-01    0.90904E+04
    0.79632E-01    0.88343E+04
    0.81241E-01    0.85702E+04
    0.82882E-01    0.83001E+04
    0.84556E-01    0.80258E+04
    0.86264E-01    0.77498E+04
    0.88007E-01    0.74744E+04
    0.89785E-01    0.72022E+04
    0.91598E-01    0.69358E+04
    0.93449E-01    0.66777E+04
    0.95337E-01    0.64306E+04
    0.97263E-01    0.61968E+04
    0.99227E-01    0.59785E+04
    0.10123E+00    0.57772E+04
    0.10328E+00    0.55943E+04
    0.10536E+00    0.54301E+04
    0.10749E+00    0.52840E+04
    0.10966E+00    0.51552E+04
    0.11188E+00    0.50413E+04
    0.11414E+00    0.49400E+04
    0.11644E+00    0.48483E+04
    0.11880E+00    0.47628E+04
    0.12120E+00    0.46802E+04
    0.12365E+00    0.45970E+04
    0.12614E+00    0.45101E+04
    0.12869E+00    0.44164E+04
    0.13129E+00    0.43136E+04
    0.13394E+00    0.42000E+04
    0.13665E+00    0.40750E+04
    0.13941E+00    0.39393E+04
    0.14223E+00    0.37944E+04
    0.14510E+00    0.36433E+04
    0.14803E+00    0.34889E+04
    0.15102E+00    0.33350E+04
    0.15407E+00    0.31853E+04
    0.15718E+00    0.30435E+04
    0.16036E+00    0.29127E+04
    0.16360E+00    0.27958E+04
    0.16690E+00    0.26939E+04
    0.17028E+00    0.26070E+04
    0.17371E+00    0.25334E+04
    0.17722E+00    0.24703E+04
    0.18080E+00    0.24143E+04
    0.18446E+00    0.23617E+04
    0.18818E+00    0.23089E+04
    0.19198E+00    0.22526E+04
    0.19586E+00    0.21899E+04
    0.19982E+00    0.21194E+04
    0.20386E+00    0.20412E+04
    0.20797E+00    0.19572E+04
    0.21218E+00    0.18704E+04
    0.21646E+00    0.17845E+04
    0.22083E+00    0.17026E+04
    0.22530E+00    0.16277E+04
    0.22985E+00    0.15615E+04
    0.23449E+00    0.15046E+04
    0.23923E+00    0.14560E+04
    0.24406E+00    0.14136E+04
    0.24899E+00    0.13748E+04
    0.25402E+00    0.13363E+04
    0.25915E+00    0.12955E+04
    0.26439E+00    0.12508E+04
    0.26973E+00    0.12022E+04
    0.27518E+00    0.11513E+04
    0.28074E+00    0.11002E+04
    0.28641E+00    0.10511E+04
    0.29219E+00    0.10059E+04
    0.29810E+00    0.96589E+03
    0.30412E+00    0.93086E+03
    0.31026E+00    0.89946E+03
    0.31653E+00    0.86990E+03
    0.32292E+00    0.84044E+03
    0.32945E+00    0.80978E+03
    0.33610E+00    0.77761E+03
    0.34289E+00    0.74473E+03
    0.34982E+00    0.71249E+03
    0.35689E+00    0.68211E+03
    0.36409E+00    0.65435E+03
    0.37145E+00    0.62920E+03
    0.37895E+00    0.60592E+03
    0.38661E+00    0.58352E+03
    0.39442E+00    0.56119E+03
    0.40239E+00    0.53854E+03
    0.41052E+00    0.51593E+03
    0.41881E+00    0.49405E+03
    0.42727E+00    0.47339E+03
    0.43590E+00    0.45420E+03
    0.44471E+00    0.43625E+03
    0.45369E+00    0.41902E+03
    0.46286E+00    0.40215E+03
    0.47221E+00    0.38550E+03
    0.48174E+00    0.36923E+03
    0.49148E+00    0.35368E+03
    0.50141E+00    0.33895E+03
    0.51153E+00    0.32503E+03
    0.52187E+00    0.31168E+03
    0.53241E+00    0.29872E+03
    0.54317E+00    0.28613E+03
    0.55414E+00    0.27398E+03
    0.56533E+00    0.26238E+03
    0.57675E+00    0.25133E+03
    0.58840E+00    0.24076E+03
    0.60029E+00    0.23055E+03
    0.61242E+00    0.22071E+03
    0.62479E+00    0.21125E+03
    0.63741E+00    0.20220E+03
    0.65029E+00    0.19355E+03
    0.66342E+00    0.18525E+03
    0.67683E+00    0.17728E+03
    0.69050E+00    0.16963E+03
    0.70445E+00    0.16229E+03
    0.71868E+00    0.15524E+03
    0.73320E+00    0.14849E+03
    0.74801E+00    0.14201E+03
    0.76312E+00    0.13580E+03
    0.77854E+00    0.12985E+03
    0.79426E+00    0.12415E+03
    0.81031E+00    0.11868E+03
    0.82668E+00    0.11345E+03
    0.84338E+00    0.10844E+03
    0.86041E+00    0.10364E+03
    0.87780E+00    0.99043E+02
    0.89553E+00    0.94643E+02
    0.91362E+00    0.90431E+02
    0.93208E+00    0.86399E+02
    0.95091E+00    0.82539E+02
    0.97011E+00    0.78845E+02
    0.98971E+00    0.75310E+02
    0.10097E+01    0.71927E+02
    0.10301E+01    0.68689E+02
    0.10509E+01    0.65592E+02
    0.10721E+01    0.62629E+02
    0.10938E+01    0.59794E+02
    0.11159E+01    0.57083E+02
    0.11384E+01    0.54490E+02
    0.11614E+01    0.52011E+02
    0.11849E+01    0.49640E+02
    0.12088E+01    0.47374E+02
    0.12333E+01    0.45208E+02
    0.12582E+01    0.43137E+02
    0.12836E+01    0.41158E+02
    0.13095E+01    0.39266E+02
    0.13360E+01    0.37459E+02
    0.13630E+01    0.35732E+02
    0.13905E+01    0.34082E+02
    0.14186E+01    0.32506E+02
    0.14472E+01    0.31001E+02
    0.14765E+01    0.29563E+02
    0.15063E+01    0.28189E+02
    0.15367E+01    0.26878E+02
    0.15678E+01    0.25626E+02
    0.15994E+01    0.24430E+02
    0.16318E+01    0.23289E+02
    0.16647E+01    0.22199E+02
    0.16984E+01    0.21159E+02
    0.17327E+01    0.20166E+02
    0.17677E+01    0.19219E+02
    0.18034E+01    0.18314E+02
    0.18398E+01    0.17452E+02
    0.18770E+01    0.16628E+02
    0.19149E+01    0.15843E+02
    0.19536E+01    0.15093E+02
    0.19930E+01    0.14379E+02
    0.20333E+01    0.13697E+02
    0.20744E+01    0.13046E+02
    0.21163E+01    0.12426E+02
    0.21590E+01    0.11835E+02
    0.22026E+01    0.11271E+02
    0.22471E+01    0.10733E+02
    0.22925E+01    0.10220E+02
    0.23388E+01    0.97314E+01
    0.23861E+01    0.92654E+01
    0.24343E+01    0.88212E+01
    0.24835E+01    0.83978E+01
    0.25336E+01    0.79942E+01
    0.25848E+01    0.76096E+01
    0.26370E+01    0.72431E+01
    0.26903E+01    0.68939E+01
    0.27447E+01    0.65611E+01
    0.28001E+01    0.62441E+01
    0.28567E+01    0.59420E+01
    0.29144E+01    0.56543E+01
    0.29733E+01    0.53802E+01
    0.30333E+01    0.51191E+01
    0.30946E+01    0.48704E+01
    0.31571E+01    0.46336E+01
    0.32209E+01    0.44080E+01
    0.32860E+01    0.41932E+01
    0.33523E+01    0.39887E+01
    0.34201E+01    0.37939E+01
    0.34892E+01    0.36085E+01
    0.35596E+01    0.34320E+01
    0.36316E+01    0.32639E+01
    0.37049E+01    0.31039E+01
    0.37798E+01    0.29517E+01
    0.38561E+01    0.28067E+01
    0.39340E+01    0.26687E+01
    0.40135E+01    0.25374E+01
    0.40946E+01    0.24125E+01
    0.41773E+01    0.22936E+01
    0.42617E+01    0.21804E+01
    0.43478E+01    0.20728E+01
    0.44356E+01    0.19703E+01
    0.45252E+01    0.18729E+01
    0.46166E+01    0.17801E+01
    0.47099E+01    0.16919E+01
    0.48050E+01    0.16080E+01
    0.49021E+01    0.15282E+01
    0.50011E+01    0.14523E+01
    0.51021E+01    0.13801E+01
    0.52052E+01    0.13114E+01
    0.53104E+01    0.12461E+01
    0.54176E+01    0.11840E+01
    0.55271E+01    0.11249E+01
    0.56387E+01    0.10688E+01
    0.57526E+01    0.10154E+01
    0.58689E+01    0.96462E+00
    0.59874E+01    0.91635E+00
    0.61084E+01    0.87046E+00
    0.62318E+01    0.82684E+00
    0.63577E+01    0.78537E+00
    0.64861E+01    0.74595E+00
    0.66171E+01    0.70849E+00
    0.67508E+01    0.67287E+00
    0.68872E+01    0.63903E+00
    0.70263E+01    0.60686E+00
    0.71682E+01    0.57629E+00
    0.73130E+01    0.54724E+00
    0.74608E+01    0.51963E+00
    0.76115E+01    0.49340E+00
    0.77653E+01    0.46847E+00
    0.79221E+01    0.44479E+00
    0.80822E+01    0.42229E+00
    0.82454E+01    0.40091E+00
    0.84120E+01    0.38060E+00
    0.85819E+01    0.36131E+00
    0.87553E+01    0.34298E+00
    0.89322E+01    0.32557E+00
    0.91126E+01    0.30904E+00
    0.92967E+01    0.29333E+00
    0.94845E+01    0.27841E+00
    0.96761E+01    0.26424E+00
    0.98716E+01    0.25079E+00
    0.10071E+02    0.23801E+00
    0.10274E+02    0.22587E+00
    0.10482E+02    0.21435E+00
    0.10694E+02    0.20341E+00
    0.10910E+02    0.19302E+00
    0.11130E+02    0.18315E+00
    0.11355E+02    0.17378E+00
    0.11584E+02    0.16489E+00
    0.11818E+02    0.15645E+00
    0.12057E+02    0.14843E+00
    0.12301E+02    0.14082E+00
    0.12549E+02    0.13360E+00
    0.12803E+02    0.12674E+00
    0.13061E+02    0.12023E+00
    0.13325E+02    0.11405E+00
    0.13594E+02    0.10819E+00
    0.13869E+02    0.10262E+00
    0.14149E+02    0.97340E-01
    0.14435E+02    0.92327E-01
    0.14727E+02    0.87569E-01
    0.15024E+02    0.83053E-01
    0.15328E+02    0.78768E-01
    0.15637E+02    0.74702E-01
    0.15953E+02    0.70844E-01
    0.16275E+02    0.67183E-01
    0.16604E+02    0.63709E-01
    0.16940E+02    0.60414E-01
    0.17282E+02    0.57287E-01
    0.17631E+02    0.54320E-01
    0.17987E+02    0.51506E-01
    0.18351E+02    0.48836E-01
    0.18721E+02    0.46303E-01
    0.19099E+02    0.43901E-01
    0.19485E+02    0.41622E-01
    0.19879E+02    0.39460E-01
    0.20280E+02    0.37409E-01
    0.20690E+02    0.35464E-01
    0.21108E+02    0.33619E-01
    0.21535E+02    0.31869E-01
    0.21970E+02    0.30209E-01
    0.22413E+02    0.28634E-01
    0.22866E+02    0.27141E-01
    0.23328E+02    0.25724E-01
    0.23799E+02    0.24381E-01
    0.24280E+02    0.23107E-01
    0.24771E+02    0.21899E-01
    0.25271E+02    0.20754E-01
    0.25782E+02    0.19669E-01
    0.26302E+02    0.18639E-01
    0.26834E+02    0.17664E-01
    0.27376E+02    0.16739E-01
    0.27929E+02    0.15863E-01
    0.28493E+02    0.15032E-01
