#          k/h    CDM            baryon         photon         nu             mass_nu        total          no_nu          total_de       Weyl           v_CDM          v_b            v_b-v_c     
   0.105049E-04   0.199618E+08   0.199618E+08   0.266019E+08   0.266015E+08   0.000000E+00   0.199618E+08   0.199618E+08   0.199696E+08  -0.473229E+00   0.105442E+08   0.105442E+08   0.603820E+01
   0.115998E-04   0.199618E+08   0.199618E+08   0.265989E+08   0.265984E+08   0.000000E+00   0.199618E+08   0.199618E+08   0.199696E+08  -0.473229E+00   0.105442E+08   0.105442E+08   0.666732E+01
   0.128088E-04   0.199618E+08   0.199618E+08   0.265952E+08   0.265946E+08   0.000000E+00   0.199618E+08   0.199618E+08   0.199696E+08  -0.473229E+00   0.105442E+08   0.105442E+08   0.736194E+01
   0.141437E-04   0.199618E+08   0.199618E+08   0.265906E+08   0.265899E+08   0.000000E+00   0.199618E+08   0.199618E+08   0.199696E+08  -0.473228E+00   0.105441E+08   0.105441E+08   0.812886E+01
   0.156178E-04   0.199618E+08   0.199618E+08   0.265851E+08   0.265842E+08   0.000000E+00   0.199618E+08   0.199618E+08   0.199696E+08  -0.473228E+00   0.105441E+08   0.105441E+08   0.897558E+01
   0.172456E-04   0.199618E+08   0.199618E+08   0.265784E+08   0.265773E+08   0.000000E+00   0.199618E+08   0.199618E+08   0.199696E+08  -0.473228E+00   0.105441E+08   0.105441E+08   0.991039E+01
   0.190429E-04   0.199618E+08   0.199617E+08   0.265702E+08   0.265689E+08   0.000000E+00   0.199618E+08   0.199618E+08   0.199696E+08  -0.473227E+00   0.105441E+08   0.105441E+08   0.109424E+02
   0.210277E-04   0.199617E+08   0.199617E+08   0.265602E+08   0.265586E+08   0.000000E+00   0.199617E+08   0.199617E+08   0.199695E+08  -0.473227E+00   0.105441E+08   0.105441E+08   0.120817E+02
   0.232192E-04   0.199617E+08   0.199617E+08   0.265481E+08   0.265461E+08   0.000000E+00   0.199617E+08   0.199617E+08   0.199695E+08  -0.473226E+00   0.105441E+08   0.105441E+08   0.133392E+02
   0.256392E-04   0.199617E+08   0.199617E+08   0.265332E+08   0.265308E+08   0.000000E+00   0.199617E+08   0.199617E+08   0.199695E+08  -0.473225E+00   0.105441E+08   0.105441E+08   0.147273E+02
   0.283114E-04   0.199616E+08   0.199616E+08   0.265151E+08   0.265122E+08   0.000000E+00   0.199616E+08   0.199616E+08   0.199694E+08  -0.473224E+00   0.105441E+08   0.105441E+08   0.162594E+02
   0.312621E-04   0.199616E+08   0.199616E+08   0.264931E+08   0.264896E+08   0.000000E+00   0.199616E+08   0.199616E+08   0.199694E+08  -0.473223E+00   0.105440E+08   0.105440E+08   0.179501E+02
   0.345203E-04   0.199615E+08   0.199615E+08   0.264663E+08   0.264619E+08   0.000000E+00   0.199615E+08   0.199615E+08   0.199693E+08  -0.473221E+00   0.105440E+08   0.105440E+08   0.198156E+02
   0.381181E-04   0.199615E+08   0.199615E+08   0.264336E+08   0.264283E+08   0.000000E+00   0.199615E+08   0.199615E+08   0.199692E+08  -0.473219E+00   0.105440E+08   0.105440E+08   0.218738E+02
   0.420909E-04   0.199614E+08   0.199614E+08   0.263938E+08   0.263874E+08   0.000000E+00   0.199614E+08   0.199614E+08   0.199692E+08  -0.473217E+00   0.105439E+08   0.105439E+08   0.241440E+02
   0.464778E-04   0.199613E+08   0.199613E+08   0.263453E+08   0.263375E+08   0.000000E+00   0.199613E+08   0.199613E+08   0.199690E+08  -0.473214E+00   0.105439E+08   0.105439E+08   0.266476E+02
   0.513218E-04   0.199612E+08   0.199612E+08   0.262864E+08   0.262768E+08   0.000000E+00   0.199612E+08   0.199612E+08   0.199689E+08  -0.473210E+00   0.105438E+08   0.105438E+08   0.294077E+02
   0.566707E-04   0.199611E+08   0.199610E+08   0.262146E+08   0.262030E+08   0.000000E+00   0.199610E+08   0.199610E+08   0.199687E+08  -0.473206E+00   0.105438E+08   0.105437E+08   0.324494E+02
   0.625771E-04   0.199609E+08   0.199609E+08   0.261274E+08   0.261133E+08   0.000000E+00   0.199609E+08   0.199609E+08   0.199685E+08  -0.473201E+00   0.105437E+08   0.105437E+08   0.358003E+02
   0.690991E-04   0.199607E+08   0.199606E+08   0.260214E+08   0.260043E+08   0.000000E+00   0.199607E+08   0.199607E+08   0.199683E+08  -0.473195E+00   0.105435E+08   0.105435E+08   0.394896E+02
   0.763008E-04   0.199604E+08   0.199604E+08   0.258927E+08   0.258719E+08   0.000000E+00   0.199604E+08   0.199604E+08   0.199680E+08  -0.473187E+00   0.105434E+08   0.105434E+08   0.435490E+02
   0.842531E-04   0.199601E+08   0.199601E+08   0.257365E+08   0.257113E+08   0.000000E+00   0.199601E+08   0.199601E+08   0.199676E+08  -0.473177E+00   0.105432E+08   0.105432E+08   0.480121E+02
   0.930342E-04   0.199597E+08   0.199597E+08   0.255473E+08   0.255167E+08   0.000000E+00   0.199597E+08   0.199597E+08   0.199672E+08  -0.473166E+00   0.105430E+08   0.105430E+08   0.529145E+02
   0.102730E-03   0.199593E+08   0.199592E+08   0.253184E+08   0.252813E+08   0.000000E+00   0.199592E+08   0.199592E+08   0.199667E+08  -0.473152E+00   0.105428E+08   0.105428E+08   0.582931E+02
   0.113437E-03   0.199587E+08   0.199586E+08   0.250417E+08   0.249970E+08   0.000000E+00   0.199587E+08   0.199587E+08   0.199660E+08  -0.473135E+00   0.105425E+08   0.105425E+08   0.641856E+02
   0.125260E-03   0.199580E+08   0.199579E+08   0.247082E+08   0.246542E+08   0.000000E+00   0.199580E+08   0.199580E+08   0.199652E+08  -0.473114E+00   0.105421E+08   0.105421E+08   0.706301E+02
   0.138315E-03   0.199572E+08   0.199571E+08   0.243071E+08   0.242422E+08   0.000000E+00   0.199572E+08   0.199572E+08   0.199643E+08  -0.473089E+00   0.105417E+08   0.105416E+08   0.776632E+02
   0.152731E-03   0.199562E+08   0.199560E+08   0.238261E+08   0.237482E+08   0.000000E+00   0.199561E+08   0.199561E+08   0.199631E+08  -0.473059E+00   0.105411E+08   0.105411E+08   0.853186E+02
   0.168649E-03   0.199549E+08   0.199548E+08   0.232515E+08   0.231585E+08   0.000000E+00   0.199549E+08   0.199549E+08   0.199617E+08  -0.473022E+00   0.105405E+08   0.105404E+08   0.936247E+02
   0.186226E-03   0.199534E+08   0.199532E+08   0.225683E+08   0.224576E+08   0.000000E+00   0.199534E+08   0.199534E+08   0.199600E+08  -0.472978E+00   0.105397E+08   0.105396E+08   0.102602E+03
   0.205635E-03   0.199516E+08   0.199514E+08   0.217604E+08   0.216295E+08   0.000000E+00   0.199516E+08   0.199516E+08   0.199579E+08  -0.472924E+00   0.105387E+08   0.105386E+08   0.112256E+03
   0.227067E-03   0.199494E+08   0.199491E+08   0.208117E+08   0.206578E+08   0.000000E+00   0.199493E+08   0.199493E+08   0.199554E+08  -0.472858E+00   0.105375E+08   0.105374E+08   0.122578E+03
   0.250732E-03   0.199467E+08   0.199463E+08   0.197069E+08   0.195275E+08   0.000000E+00   0.199466E+08   0.199466E+08   0.199524E+08  -0.472780E+00   0.105360E+08   0.105359E+08   0.133533E+03
   0.276864E-03   0.199434E+08   0.199430E+08   0.184338E+08   0.182269E+08   0.000000E+00   0.199434E+08   0.199434E+08   0.199488E+08  -0.472685E+00   0.105343E+08   0.105342E+08   0.145052E+03
   0.305720E-03   0.199395E+08   0.199390E+08   0.169856E+08   0.167500E+08   0.000000E+00   0.199394E+08   0.199394E+08   0.199444E+08  -0.472572E+00   0.105322E+08   0.105320E+08   0.157027E+03
   0.337583E-03   0.199348E+08   0.199342E+08   0.153645E+08   0.151004E+08   0.000000E+00   0.199347E+08   0.199347E+08   0.199392E+08  -0.472436E+00   0.105296E+08   0.105295E+08   0.169297E+03
   0.372767E-03   0.199291E+08   0.199283E+08   0.135858E+08   0.132956E+08   0.000000E+00   0.199290E+08   0.199290E+08   0.199329E+08  -0.472275E+00   0.105266E+08   0.105264E+08   0.181643E+03
   0.411618E-03   0.199222E+08   0.199213E+08   0.116826E+08   0.113717E+08   0.000000E+00   0.199221E+08   0.199221E+08   0.199255E+08  -0.472083E+00   0.105229E+08   0.105226E+08   0.193774E+03
   0.454518E-03   0.199140E+08   0.199129E+08   0.970994E+07   0.938722E+07   0.000000E+00   0.199138E+08   0.199138E+08   0.199166E+08  -0.471857E+00   0.105184E+08   0.105181E+08   0.205331E+03
   0.501889E-03   0.199041E+08   0.199029E+08   0.774626E+07   0.742491E+07   0.000000E+00   0.199039E+08   0.199039E+08   0.199062E+08  -0.471591E+00   0.105131E+08   0.105128E+08   0.215886E+03
   0.554198E-03   0.198924E+08   0.198910E+08   0.589101E+07   0.558802E+07   0.000000E+00   0.198922E+08   0.198922E+08   0.198939E+08  -0.471280E+00   0.105068E+08   0.105065E+08   0.224960E+03
   0.611958E-03   0.198785E+08   0.198768E+08   0.425414E+07   0.398890E+07   0.000000E+00   0.198783E+08   0.198783E+08   0.198795E+08  -0.470918E+00   0.104994E+08   0.104989E+08   0.232057E+03
   0.675738E-03   0.198621E+08   0.198601E+08   0.293603E+07   0.272730E+07   0.000000E+00   0.198618E+08   0.198618E+08   0.198626E+08  -0.470498E+00   0.104905E+08   0.104900E+08   0.236709E+03
   0.746165E-03   0.198428E+08   0.198405E+08   0.199866E+07   0.185979E+07   0.000000E+00   0.198424E+08   0.198424E+08   0.198430E+08  -0.470014E+00   0.104802E+08   0.104796E+08   0.238534E+03
   0.823933E-03   0.198202E+08   0.198176E+08   0.143539E+07   0.136886E+07   0.000000E+00   0.198198E+08   0.198198E+08   0.198202E+08  -0.469457E+00   0.104680E+08   0.104674E+08   0.237299E+03
   0.909805E-03   0.197938E+08   0.197909E+08   0.115582E+07   0.114923E+07   0.000000E+00   0.197933E+08   0.197933E+08   0.197937E+08  -0.468816E+00   0.104539E+08   0.104533E+08   0.232959E+03
   0.100463E-02   0.197631E+08   0.197599E+08   0.100700E+07   0.103400E+07   0.000000E+00   0.197626E+08   0.197626E+08   0.197629E+08  -0.468078E+00   0.104375E+08   0.104369E+08   0.225650E+03
   0.110933E-02   0.197276E+08   0.197242E+08   0.841542E+06   0.870295E+06   0.000000E+00   0.197271E+08   0.197271E+08   0.197274E+08  -0.467228E+00   0.104186E+08   0.104179E+08   0.215651E+03
   0.122495E-02   0.196867E+08   0.196830E+08   0.605737E+06   0.613322E+06   0.000000E+00   0.196861E+08   0.196861E+08   0.196863E+08  -0.466251E+00   0.103969E+08   0.103961E+08   0.203315E+03
   0.135262E-02   0.196396E+08   0.196357E+08   0.372358E+06   0.356284E+06   0.000000E+00   0.196390E+08   0.196390E+08   0.196391E+08  -0.465129E+00   0.103719E+08   0.103711E+08   0.189040E+03
   0.149359E-02   0.195856E+08   0.195815E+08   0.249272E+06   0.224999E+06   0.000000E+00   0.195849E+08   0.195849E+08   0.195850E+08  -0.463844E+00   0.103433E+08   0.103425E+08   0.173333E+03
   0.164926E-02   0.195238E+08   0.195196E+08   0.226626E+06  -0.172576E+06   0.000000E+00   0.195231E+08   0.195231E+08   0.195231E+08  -0.462374E+00   0.103106E+08   0.103098E+08   0.156880E+03
   0.182115E-02   0.194533E+08   0.194491E+08   0.179604E+06  -0.141011E+06   0.000000E+00   0.194526E+08   0.194526E+08   0.194526E+08  -0.460702E+00   0.102733E+08   0.102725E+08   0.140519E+03
   0.201096E-02   0.193731E+08   0.193689E+08   0.836307E+05  -0.115161E+06   0.000000E+00   0.193724E+08   0.193724E+08   0.193724E+08  -0.458802E+00   0.102309E+08   0.102301E+08   0.125048E+03
   0.222054E-02   0.192822E+08   0.192780E+08   0.541459E+05  -0.939974E+05   0.000000E+00   0.192815E+08   0.192815E+08   0.192815E+08  -0.456647E+00   0.101828E+08   0.101821E+08   0.111082E+03
   0.245198E-02   0.191794E+08   0.191752E+08   0.638023E+05  -0.766752E+05   0.000000E+00   0.191787E+08   0.191787E+08   0.191787E+08  -0.454210E+00   0.101285E+08   0.101278E+08   0.990327E+02
   0.270753E-02   0.190634E+08   0.190591E+08   0.239131E+05  -0.625009E+05   0.000000E+00   0.190628E+08   0.190628E+08   0.190628E+08  -0.451464E+00   0.100672E+08   0.100665E+08   0.889839E+02
   0.298972E-02   0.189332E+08   0.189287E+08   0.219242E+05  -0.509069E+05   0.000000E+00   0.189325E+08   0.189325E+08   0.189325E+08  -0.448377E+00   0.999839E+07   0.999767E+07   0.805780E+02
   0.330131E-02   0.187872E+08   0.187825E+08   0.106540E+05  -0.414273E+05   0.000000E+00   0.187865E+08   0.187865E+08   0.187865E+08  -0.444918E+00   0.992127E+07   0.992054E+07   0.732320E+02
   0.364539E-02   0.186242E+08   0.186192E+08   0.373529E+04  -0.336803E+05   0.000000E+00   0.186234E+08   0.186234E+08   0.186234E+08  -0.441056E+00   0.983515E+07   0.983443E+07   0.663787E+02
   0.402532E-02   0.184428E+08   0.184375E+08  -0.474359E+04  -0.273527E+05   0.000000E+00   0.184420E+08   0.184420E+08   0.184420E+08  -0.436759E+00   0.973931E+07   0.973859E+07   0.597823E+02
   0.444485E-02   0.182415E+08   0.182360E+08   0.344274E+04  -0.221877E+05   0.000000E+00   0.182407E+08   0.182407E+08   0.182407E+08  -0.431991E+00   0.963299E+07   0.963227E+07   0.536074E+02
   0.490810E-02   0.180190E+08   0.180131E+08  -0.283212E+02  -0.179746E+05   0.000000E+00   0.180181E+08   0.180181E+08   0.180181E+08  -0.426719E+00   0.951543E+07   0.951472E+07   0.481467E+02
   0.541964E-02   0.177737E+08   0.177673E+08  -0.403080E+04  -0.145408E+05   0.000000E+00   0.177727E+08   0.177727E+08   0.177727E+08  -0.420908E+00   0.938585E+07   0.938515E+07   0.434237E+02
   0.598449E-02   0.175043E+08   0.174972E+08  -0.170039E+04  -0.117445E+05   0.000000E+00   0.175032E+08   0.175032E+08   0.175032E+08  -0.414525E+00   0.924350E+07   0.924280E+07   0.391709E+02
   0.660821E-02   0.172092E+08   0.172015E+08  -0.296327E+04  -0.946956E+04   0.000000E+00   0.172080E+08   0.172080E+08   0.172080E+08  -0.407534E+00   0.908762E+07   0.908692E+07   0.352187E+02
   0.729694E-02   0.168871E+08   0.168785E+08  -0.203084E+04  -0.762086E+04   0.000000E+00   0.168858E+08   0.168858E+08   0.168858E+08  -0.399903E+00   0.891744E+07   0.891675E+07   0.316761E+02
   0.805745E-02   0.165365E+08   0.165269E+08  -0.250079E+04  -0.612030E+04   0.000000E+00   0.165350E+08   0.165350E+08   0.165350E+08  -0.391596E+00   0.873222E+07   0.873152E+07   0.285646E+02
   0.889722E-02   0.161561E+08   0.161452E+08  -0.203431E+04  -0.490392E+04   0.000000E+00   0.161544E+08   0.161544E+08   0.161544E+08  -0.382580E+00   0.853118E+07   0.853049E+07   0.257461E+02
   0.982452E-02   0.157443E+08   0.157320E+08  -0.149008E+04  -0.391931E+04   0.000000E+00   0.157424E+08   0.157424E+08   0.157424E+08  -0.372823E+00   0.831361E+07   0.831292E+07   0.232219E+02
   0.108485E-01   0.152999E+08   0.152858E+08  -0.141332E+04  -0.312357E+04   0.000000E+00   0.152977E+08   0.152977E+08   0.152977E+08  -0.362292E+00   0.807877E+07   0.807809E+07   0.209842E+02
   0.119791E-01   0.148215E+08   0.148055E+08  -0.150989E+04  -0.248160E+04   0.000000E+00   0.148190E+08   0.148190E+08   0.148190E+08  -0.350955E+00   0.782597E+07   0.782529E+07   0.189793E+02
   0.132276E-01   0.143080E+08   0.142896E+08  -0.995792E+03  -0.196468E+04   0.000000E+00   0.143051E+08   0.143051E+08   0.143051E+08  -0.338785E+00   0.755459E+07   0.755391E+07   0.171999E+02
   0.146062E-01   0.137583E+08   0.137374E+08  -0.104621E+04  -0.154936E+04   0.000000E+00   0.137551E+08   0.137551E+08   0.137551E+08  -0.325759E+00   0.726412E+07   0.726343E+07   0.156110E+02
   0.161285E-01   0.131720E+08   0.131481E+08  -0.740370E+03  -0.121649E+04   0.000000E+00   0.131683E+08   0.131683E+08   0.131683E+08  -0.311862E+00   0.695425E+07   0.695356E+07   0.141918E+02
   0.178095E-01   0.125491E+08   0.125219E+08  -0.595841E+03  -0.950461E+03   0.000000E+00   0.125449E+08   0.125449E+08   0.125449E+08  -0.297098E+00   0.662503E+07   0.662434E+07   0.129171E+02
   0.196657E-01   0.118907E+08   0.118599E+08  -0.542407E+03  -0.738567E+03   0.000000E+00   0.118859E+08   0.118859E+08   0.118859E+08  -0.281492E+00   0.627703E+07   0.627633E+07   0.117613E+02
   0.217153E-01   0.111993E+08   0.111648E+08  -0.289945E+03  -0.570468E+03   0.000000E+00   0.111940E+08   0.111940E+08   0.111940E+08  -0.265104E+00   0.591159E+07   0.591090E+07   0.106991E+02
   0.239785E-01   0.104795E+08   0.104413E+08  -0.337221E+03  -0.437759E+03   0.000000E+00   0.104736E+08   0.104736E+08   0.104736E+08  -0.248044E+00   0.553118E+07   0.553048E+07   0.970595E+01
   0.264776E-01   0.973872E+07   0.969706E+07  -0.239103E+03  -0.333615E+03   0.000000E+00   0.973227E+07   0.973227E+07   0.973226E+07  -0.230487E+00   0.513968E+07   0.513898E+07   0.875596E+01
   0.292372E-01   0.898757E+07   0.894301E+07  -0.181417E+03  -0.252483E+03   0.000000E+00   0.898066E+07   0.898066E+07   0.898066E+07  -0.212687E+00   0.474276E+07   0.474207E+07   0.782647E+01
   0.322844E-01   0.824041E+07   0.819390E+07  -0.139122E+03  -0.189839E+03   0.000000E+00   0.823320E+07   0.823320E+07   0.823320E+07  -0.194985E+00   0.434803E+07   0.434736E+07   0.690078E+01
   0.356492E-01   0.751497E+07   0.746792E+07  -0.870505E+02  -0.141975E+03   0.000000E+00   0.750768E+07   0.750768E+07   0.750768E+07  -0.177803E+00   0.396487E+07   0.396424E+07   0.596772E+01
   0.393646E-01   0.683101E+07   0.678522E+07  -0.826354E+02  -0.105835E+03   0.000000E+00   0.682391E+07   0.682391E+07   0.682391E+07  -0.161609E+00   0.360377E+07   0.360318E+07   0.502804E+01
   0.434673E-01   0.620745E+07   0.616500E+07  -0.789948E+02  -0.788739E+02   0.000000E+00   0.620087E+07   0.620087E+07   0.620087E+07  -0.146854E+00   0.327474E+07   0.327420E+07   0.409725E+01
   0.478141E-01   0.567583E+07   0.563848E+07   0.106362E+03  -0.596041E+02   0.000000E+00   0.567003E+07   0.567003E+07   0.567003E+07  -0.134282E+00   0.299439E+07   0.299393E+07   0.324041E+01
   0.521608E-01   0.525670E+07   0.522524E+07   0.827839E+02  -0.463890E+02   0.000000E+00   0.525182E+07   0.525182E+07   0.525182E+07  -0.124378E+00   0.277353E+07   0.277313E+07   0.252729E+01
   0.565075E-01   0.491526E+07   0.488964E+07   0.659660E+02  -0.369629E+02   0.000000E+00   0.491128E+07   0.491128E+07   0.491128E+07  -0.116313E+00   0.259368E+07   0.259335E+07   0.196085E+01
   0.608543E-01   0.462688E+07   0.460635E+07   0.535497E+02  -0.300042E+02   0.000000E+00   0.462369E+07   0.462369E+07   0.462369E+07  -0.109502E+00   0.244180E+07   0.244152E+07   0.153675E+01
   0.652010E-01   0.436827E+07   0.435159E+07   0.440457E+02  -0.246782E+02   0.000000E+00   0.436568E+07   0.436568E+07   0.436568E+07  -0.103391E+00   0.230554E+07   0.230530E+07   0.124036E+01
   0.695477E-01   0.412334E+07   0.410906E+07   0.365438E+02  -0.204746E+02   0.000000E+00   0.412112E+07   0.412112E+07   0.412112E+07  -0.975996E-01   0.217638E+07   0.217616E+07   0.105004E+01
   0.738945E-01   0.388248E+07   0.386922E+07   0.304802E+02  -0.170774E+02   0.000000E+00   0.388043E+07   0.388043E+07   0.388043E+07  -0.918992E-01   0.204927E+07   0.204906E+07   0.939856E+00
   0.782412E-01   0.364291E+07   0.362951E+07   0.255086E+02  -0.142922E+02   0.000000E+00   0.364083E+07   0.364083E+07   0.364083E+07  -0.862249E-01   0.192274E+07   0.192253E+07   0.883002E+00
   0.825879E-01   0.340716E+07   0.339290E+07   0.214104E+02  -0.119965E+02   0.000000E+00   0.340495E+07   0.340495E+07   0.340495E+07  -0.806385E-01   0.179817E+07   0.179796E+07   0.854820E+00
   0.869347E-01   0.318074E+07   0.316533E+07   0.180365E+02  -0.101065E+02   0.000000E+00   0.317835E+07   0.317835E+07   0.317835E+07  -0.752722E-01   0.167851E+07   0.167829E+07   0.835177E+00
   0.912814E-01   0.296964E+07   0.295321E+07   0.152719E+02  -0.855775E+01   0.000000E+00   0.296710E+07   0.296710E+07   0.296710E+07  -0.702690E-01   0.156695E+07   0.156672E+07   0.809859E+00
   0.966868E-01   0.273644E+07   0.271939E+07   0.125414E+02  -0.702798E+01   0.000000E+00   0.273379E+07   0.273379E+07   0.273379E+07  -0.647437E-01   0.144374E+07   0.144352E+07   0.759185E+00
   0.102092E+00   0.254222E+07   0.252554E+07   0.104495E+02  -0.585581E+01   0.000000E+00   0.253963E+07   0.253963E+07   0.253963E+07  -0.601455E-01   0.134120E+07   0.134099E+07   0.685207E+00
   0.107498E+00   0.238796E+07   0.237261E+07   0.885341E+01  -0.496130E+01   0.000000E+00   0.238558E+07   0.238558E+07   0.238558E+07  -0.564971E-01   0.125985E+07   0.125965E+07   0.594936E+00
   0.112903E+00   0.226709E+07   0.225371E+07   0.762052E+01  -0.427024E+01   0.000000E+00   0.226502E+07   0.226502E+07   0.226502E+07  -0.536419E-01   0.119617E+07   0.119600E+07   0.500215E+00
   0.118309E+00   0.216837E+07   0.215716E+07   0.663880E+01  -0.371994E+01   0.000000E+00   0.216663E+07   0.216663E+07   0.216663E+07  -0.513118E-01   0.114421E+07   0.114406E+07   0.413190E+00
   0.123714E+00   0.208038E+07   0.207111E+07   0.582577E+01  -0.326422E+01   0.000000E+00   0.207894E+07   0.207894E+07   0.207894E+07  -0.492350E-01   0.109790E+07   0.109777E+07   0.342961E+00
   0.129120E+00   0.199415E+07   0.198626E+07   0.512701E+01  -0.287262E+01   0.000000E+00   0.199293E+07   0.199293E+07   0.199293E+07  -0.471980E-01   0.105247E+07   0.105236E+07   0.293747E+00
   0.134525E+00   0.190416E+07   0.189696E+07   0.451026E+01  -0.252704E+01   0.000000E+00   0.190304E+07   0.190304E+07   0.190304E+07  -0.450693E-01   0.100501E+07   0.100490E+07   0.264710E+00
   0.139930E+00   0.180903E+07   0.180189E+07   0.396014E+01  -0.221885E+01   0.000000E+00   0.180793E+07   0.180793E+07   0.180793E+07  -0.428167E-01   0.954775E+06   0.954669E+06   0.251175E+00
   0.145336E+00   0.171117E+07   0.170365E+07   0.347214E+01  -0.194549E+01   0.000000E+00   0.171000E+07   0.171000E+07   0.171000E+07  -0.404975E-01   0.903061E+06   0.902954E+06   0.246549E+00
   0.150741E+00   0.161494E+07   0.160690E+07   0.304575E+01  -0.170664E+01   0.000000E+00   0.161370E+07   0.161370E+07   0.161370E+07  -0.382168E-01   0.852204E+06   0.852093E+06   0.244240E+00
   0.156147E+00   0.152505E+07   0.151659E+07   0.268023E+01  -0.150188E+01   0.000000E+00   0.152374E+07   0.152374E+07   0.152374E+07  -0.360864E-01   0.804698E+06   0.804586E+06   0.239182E+00
   0.161552E+00   0.144551E+07   0.143692E+07   0.237310E+01  -0.132981E+01   0.000000E+00   0.144418E+07   0.144418E+07   0.144418E+07  -0.342021E-01   0.762681E+06   0.762570E+06   0.228682E+00
   0.166958E+00   0.137860E+07   0.137026E+07   0.211904E+01  -0.118745E+01   0.000000E+00   0.137731E+07   0.137731E+07   0.137731E+07  -0.326185E-01   0.727369E+06   0.727262E+06   0.212499E+00
   0.172363E+00   0.132395E+07   0.131617E+07   0.190946E+01  -0.106999E+01   0.000000E+00   0.132274E+07   0.132274E+07   0.132274E+07  -0.313262E-01   0.698550E+06   0.698451E+06   0.192274E+00
   0.177769E+00   0.127876E+07   0.127174E+07   0.173396E+01  -0.971620E+00   0.000000E+00   0.127767E+07   0.127767E+07   0.127767E+07  -0.302587E-01   0.674746E+06   0.674655E+06   0.170647E+00
   0.183174E+00   0.123930E+07   0.123310E+07   0.158290E+01  -0.886942E+00   0.000000E+00   0.123834E+07   0.123834E+07   0.123834E+07  -0.293273E-01   0.653976E+06   0.653894E+06   0.150361E+00
   0.188579E+00   0.120213E+07   0.119662E+07   0.144877E+01  -0.811766E+00   0.000000E+00   0.120127E+07   0.120127E+07   0.120127E+07  -0.284495E-01   0.634399E+06   0.634324E+06   0.133535E+00
   0.193985E+00   0.116446E+07   0.115946E+07   0.132633E+01  -0.743148E+00   0.000000E+00   0.116369E+07   0.116369E+07   0.116369E+07  -0.275593E-01   0.614550E+06   0.614479E+06   0.121226E+00
   0.199390E+00   0.112464E+07   0.111989E+07   0.121247E+01  -0.679354E+00   0.000000E+00   0.112391E+07   0.112391E+07   0.112391E+07  -0.266172E-01   0.593540E+06   0.593472E+06   0.113353E+00
   0.204796E+00   0.108249E+07   0.107777E+07   0.110621E+01  -0.619820E+00   0.000000E+00   0.108176E+07   0.108176E+07   0.108176E+07  -0.256191E-01   0.571284E+06   0.571217E+06   0.108946E+00
   0.210201E+00   0.103922E+07   0.103440E+07   0.100802E+01  -0.564815E+00   0.000000E+00   0.103848E+07   0.103848E+07   0.103848E+07  -0.245940E-01   0.548426E+06   0.548358E+06   0.106549E+00
   0.215607E+00   0.996691E+06   0.991717E+06   0.918835E+00  -0.514854E+00   0.000000E+00   0.995920E+06   0.995920E+06   0.995920E+06  -0.235861E-01   0.525952E+06   0.525884E+06   0.104664E+00
   0.221012E+00   0.956684E+06   0.951602E+06   0.839287E+00  -0.470290E+00   0.000000E+00   0.955896E+06   0.955896E+06   0.955896E+06  -0.226382E-01   0.504815E+06   0.504748E+06   0.102106E+00
   0.226418E+00   0.920530E+06   0.915447E+06   0.769441E+00  -0.431157E+00   0.000000E+00   0.919742E+06   0.919742E+06   0.919742E+06  -0.217820E-01   0.485723E+06   0.485656E+06   0.982203E-01
   0.231823E+00   0.888865E+06   0.883908E+06   0.708722E+00  -0.397134E+00   0.000000E+00   0.888096E+06   0.888096E+06   0.888096E+06  -0.210326E-01   0.469010E+06   0.468945E+06   0.929214E-01
   0.237228E+00   0.861515E+06   0.856797E+06   0.655981E+00  -0.367577E+00   0.000000E+00   0.860784E+06   0.860784E+06   0.860784E+06  -0.203857E-01   0.454586E+06   0.454524E+06   0.865904E-01
   0.242634E+00   0.837643E+06   0.833234E+06   0.609728E+00  -0.341655E+00   0.000000E+00   0.836959E+06   0.836959E+06   0.836959E+06  -0.198215E-01   0.442004E+06   0.441946E+06   0.798767E-01
   0.248039E+00   0.816038E+06   0.811954E+06   0.568423E+00  -0.318504E+00   0.000000E+00   0.815405E+06   0.815405E+06   0.815405E+06  -0.193110E-01   0.430621E+06   0.430566E+06   0.734749E-01
   0.253445E+00   0.795410E+06   0.791614E+06   0.530696E+00  -0.297360E+00   0.000000E+00   0.794822E+06   0.794822E+06   0.794822E+06  -0.188236E-01   0.419750E+06   0.419699E+06   0.679360E-01
   0.258850E+00   0.774677E+06   0.771097E+06   0.495515E+00  -0.277646E+00   0.000000E+00   0.774122E+06   0.774122E+06   0.774122E+06  -0.183333E-01   0.408818E+06   0.408769E+06   0.635548E-01
   0.264256E+00   0.753259E+06   0.749810E+06   0.462309E+00  -0.259039E+00   0.000000E+00   0.752724E+06   0.752724E+06   0.752724E+06  -0.178266E-01   0.397518E+06   0.397470E+06   0.603466E-01
   0.269661E+00   0.731179E+06   0.727784E+06   0.430941E+00  -0.241465E+00   0.000000E+00   0.730653E+06   0.730653E+06   0.730653E+06  -0.173039E-01   0.385862E+06   0.385815E+06   0.580954E-01
   0.275067E+00   0.708878E+06   0.705485E+06   0.401527E+00  -0.224985E+00   0.000000E+00   0.708352E+06   0.708352E+06   0.708352E+06  -0.167757E-01   0.374085E+06   0.374038E+06   0.564447E-01
   0.280472E+00   0.686943E+06   0.683533E+06   0.374236E+00  -0.209696E+00   0.000000E+00   0.686414E+06   0.686414E+06   0.686414E+06  -0.162562E-01   0.362500E+06   0.362453E+06   0.550059E-01
   0.285877E+00   0.665964E+06   0.662549E+06   0.349206E+00  -0.195673E+00   0.000000E+00   0.665435E+06   0.665435E+06   0.665435E+06  -0.157593E-01   0.351420E+06   0.351375E+06   0.534569E-01
   0.291283E+00   0.646452E+06   0.643065E+06   0.326503E+00  -0.182953E+00   0.000000E+00   0.645927E+06   0.645927E+06   0.645927E+06  -0.152973E-01   0.341119E+06   0.341073E+06   0.516072E-01
   0.296688E+00   0.628699E+06   0.625383E+06   0.306070E+00  -0.171504E+00   0.000000E+00   0.628185E+06   0.628185E+06   0.628185E+06  -0.148772E-01   0.331749E+06   0.331705E+06   0.494132E-01
   0.302094E+00   0.612671E+06   0.609464E+06   0.287691E+00  -0.161204E+00   0.000000E+00   0.612174E+06   0.612174E+06   0.612174E+06  -0.144980E-01   0.323293E+06   0.323250E+06   0.469559E-01
   0.307499E+00   0.598054E+06   0.594983E+06   0.271046E+00  -0.151877E+00   0.000000E+00   0.597578E+06   0.597578E+06   0.597578E+06  -0.141523E-01   0.315585E+06   0.315544E+06   0.443942E-01
   0.312905E+00   0.584419E+06   0.581490E+06   0.255800E+00  -0.143333E+00   0.000000E+00   0.583965E+06   0.583965E+06   0.583965E+06  -0.138299E-01   0.308396E+06   0.308356E+06   0.419112E-01
   0.318310E+00   0.571341E+06   0.568543E+06   0.241660E+00  -0.135409E+00   0.000000E+00   0.570907E+06   0.570907E+06   0.570907E+06  -0.135207E-01   0.301500E+06   0.301462E+06   0.396623E-01
   0.323716E+00   0.558458E+06   0.555768E+06   0.228392E+00  -0.127973E+00   0.000000E+00   0.558041E+06   0.558041E+06   0.558041E+06  -0.132159E-01   0.294705E+06   0.294668E+06   0.377404E-01
   0.329121E+00   0.545530E+06   0.542919E+06   0.215838E+00  -0.120939E+00   0.000000E+00   0.545126E+06   0.545126E+06   0.545126E+06  -0.129101E-01   0.287884E+06   0.287848E+06   0.361630E-01
   0.334526E+00   0.532501E+06   0.529941E+06   0.203928E+00  -0.114266E+00   0.000000E+00   0.532104E+06   0.532104E+06   0.532104E+06  -0.126017E-01   0.281008E+06   0.280973E+06   0.348830E-01
   0.339932E+00   0.519489E+06   0.516959E+06   0.192666E+00  -0.107956E+00   0.000000E+00   0.519097E+06   0.519097E+06   0.519097E+06  -0.122936E-01   0.274138E+06   0.274104E+06   0.338106E-01
   0.345337E+00   0.506702E+06   0.504194E+06   0.182084E+00  -0.102027E+00   0.000000E+00   0.506314E+06   0.506314E+06   0.506314E+06  -0.119909E-01   0.267387E+06   0.267353E+06   0.328414E-01
   0.350743E+00   0.494356E+06   0.491869E+06   0.172211E+00  -0.964955E-01   0.000000E+00   0.493970E+06   0.493970E+06   0.493970E+06  -0.116986E-01   0.260869E+06   0.260835E+06   0.318827E-01
   0.356148E+00   0.482620E+06   0.480165E+06   0.163056E+00  -0.913662E-01   0.000000E+00   0.482240E+06   0.482240E+06   0.482240E+06  -0.114208E-01   0.254674E+06   0.254641E+06   0.308726E-01
   0.361554E+00   0.471597E+06   0.469186E+06   0.154603E+00  -0.866294E-01   0.000000E+00   0.471223E+06   0.471223E+06   0.471223E+06  -0.111599E-01   0.248856E+06   0.248824E+06   0.297887E-01
   0.366959E+00   0.461292E+06   0.458939E+06   0.146803E+00  -0.822586E-01   0.000000E+00   0.460927E+06   0.460927E+06   0.460927E+06  -0.109160E-01   0.243419E+06   0.243387E+06   0.286445E-01
   0.372365E+00   0.451621E+06   0.449335E+06   0.139583E+00  -0.782132E-01   0.000000E+00   0.451266E+06   0.451266E+06   0.451266E+06  -0.106872E-01   0.238317E+06   0.238286E+06   0.274777E-01
   0.377770E+00   0.442441E+06   0.440225E+06   0.132862E+00  -0.744468E-01   0.000000E+00   0.442097E+06   0.442097E+06   0.442097E+06  -0.104701E-01   0.233474E+06   0.233445E+06   0.263365E-01
   0.383175E+00   0.433605E+06   0.431457E+06   0.126562E+00  -0.709165E-01   0.000000E+00   0.433272E+06   0.433272E+06   0.433272E+06  -0.102611E-01   0.228814E+06   0.228785E+06   0.252654E-01
   0.388581E+00   0.424985E+06   0.422898E+06   0.120620E+00  -0.675869E-01   0.000000E+00   0.424662E+06   0.424662E+06   0.424662E+06  -0.100572E-01   0.224267E+06   0.224238E+06   0.242947E-01
   0.393986E+00   0.416486E+06   0.414448E+06   0.114987E+00  -0.644304E-01   0.000000E+00   0.416170E+06   0.416170E+06   0.416170E+06  -0.985606E-02   0.219782E+06   0.219754E+06   0.234343E-01
   0.399392E+00   0.408060E+06   0.406062E+06   0.109632E+00  -0.614296E-01   0.000000E+00   0.407750E+06   0.407750E+06   0.407750E+06  -0.965665E-02   0.215336E+06   0.215308E+06   0.226755E-01
   0.404797E+00   0.399725E+06   0.397759E+06   0.104543E+00  -0.585784E-01   0.000000E+00   0.399420E+06   0.399420E+06   0.399420E+06  -0.945938E-02   0.210936E+06   0.210910E+06   0.219959E-01
   0.410203E+00   0.391549E+06   0.389609E+06   0.997227E-01  -0.558776E-01   0.000000E+00   0.391248E+06   0.391248E+06   0.391248E+06  -0.926583E-02   0.206621E+06   0.206594E+06   0.213673E-01
   0.415608E+00   0.383604E+06   0.381691E+06   0.951737E-01  -0.533288E-01   0.000000E+00   0.383307E+06   0.383307E+06   0.383307E+06  -0.907777E-02   0.202427E+06   0.202401E+06   0.207623E-01
   0.421014E+00   0.375941E+06   0.374056E+06   0.908924E-01  -0.509300E-01   0.000000E+00   0.375649E+06   0.375649E+06   0.375649E+06  -0.889640E-02   0.198383E+06   0.198357E+06   0.201603E-01
   0.426419E+00   0.368590E+06   0.366736E+06   0.868698E-01  -0.486760E-01   0.000000E+00   0.368302E+06   0.368302E+06   0.368302E+06  -0.872242E-02   0.194503E+06   0.194478E+06   0.195506E-01
   0.431825E+00   0.361566E+06   0.359747E+06   0.830944E-01  -0.465605E-01   0.000000E+00   0.361284E+06   0.361284E+06   0.361284E+06  -0.855620E-02   0.190796E+06   0.190772E+06   0.189334E-01
   0.437230E+00   0.354860E+06   0.353079E+06   0.795494E-01  -0.445741E-01   0.000000E+00   0.354584E+06   0.354584E+06   0.354584E+06  -0.839752E-02   0.187258E+06   0.187234E+06   0.183171E-01
   0.442635E+00   0.348424E+06   0.346683E+06   0.762109E-01  -0.427034E-01   0.000000E+00   0.348154E+06   0.348154E+06   0.348154E+06  -0.824525E-02   0.183862E+06   0.183839E+06   0.177135E-01
   0.448041E+00   0.342196E+06   0.340494E+06   0.730538E-01  -0.409343E-01   0.000000E+00   0.341932E+06   0.341932E+06   0.341932E+06  -0.809789E-02   0.180576E+06   0.180553E+06   0.171348E-01
   0.453446E+00   0.336127E+06   0.334462E+06   0.700579E-01  -0.392556E-01   0.000000E+00   0.335869E+06   0.335869E+06   0.335869E+06  -0.795431E-02   0.177375E+06   0.177352E+06   0.165905E-01
   0.458852E+00   0.330193E+06   0.328561E+06   0.672093E-01  -0.376593E-01   0.000000E+00   0.329940E+06   0.329940E+06   0.329940E+06  -0.781389E-02   0.174243E+06   0.174221E+06   0.160855E-01
   0.464257E+00   0.324372E+06   0.322769E+06   0.644959E-01  -0.361390E-01   0.000000E+00   0.324123E+06   0.324123E+06   0.324123E+06  -0.767614E-02   0.171172E+06   0.171150E+06   0.156188E-01
   0.469663E+00   0.318650E+06   0.317074E+06   0.619081E-01  -0.346890E-01   0.000000E+00   0.318406E+06   0.318406E+06   0.318406E+06  -0.754072E-02   0.168152E+06   0.168131E+06   0.151850E-01
   0.475068E+00   0.313034E+06   0.311482E+06   0.594408E-01  -0.333065E-01   0.000000E+00   0.312794E+06   0.312794E+06   0.312794E+06  -0.740782E-02   0.165188E+06   0.165167E+06   0.147763E-01
   0.480474E+00   0.307553E+06   0.306023E+06   0.570931E-01  -0.319910E-01   0.000000E+00   0.307316E+06   0.307316E+06   0.307316E+06  -0.727808E-02   0.162295E+06   0.162275E+06   0.143848E-01
   0.485879E+00   0.302230E+06   0.300723E+06   0.548635E-01  -0.307417E-01   0.000000E+00   0.301996E+06   0.301996E+06   0.301996E+06  -0.715210E-02   0.159486E+06   0.159466E+06   0.140039E-01
   0.491284E+00   0.297073E+06   0.295589E+06   0.527471E-01  -0.295558E-01   0.000000E+00   0.296843E+06   0.296843E+06   0.296843E+06  -0.703005E-02   0.156764E+06   0.156744E+06   0.136290E-01
   0.496690E+00   0.292080E+06   0.290620E+06   0.507378E-01  -0.284300E-01   0.000000E+00   0.291853E+06   0.291853E+06   0.291853E+06  -0.691189E-02   0.154130E+06   0.154110E+06   0.132586E-01
   0.502095E+00   0.287249E+06   0.285815E+06   0.488302E-01  -0.273611E-01   0.000000E+00   0.287027E+06   0.287027E+06   0.287027E+06  -0.679759E-02   0.151581E+06   0.151561E+06   0.128937E-01
   0.507501E+00   0.282575E+06   0.281166E+06   0.470179E-01  -0.263456E-01   0.000000E+00   0.282357E+06   0.282357E+06   0.282357E+06  -0.668699E-02   0.149114E+06   0.149095E+06   0.125371E-01
   0.512906E+00   0.278039E+06   0.276655E+06   0.452932E-01  -0.253792E-01   0.000000E+00   0.277824E+06   0.277824E+06   0.277824E+06  -0.657965E-02   0.146721E+06   0.146702E+06   0.121922E-01
   0.518312E+00   0.273616E+06   0.272257E+06   0.436479E-01  -0.244573E-01   0.000000E+00   0.273406E+06   0.273406E+06   0.273406E+06  -0.647500E-02   0.144387E+06   0.144369E+06   0.118614E-01
   0.523717E+00   0.269292E+06   0.267956E+06   0.420760E-01  -0.235765E-01   0.000000E+00   0.269085E+06   0.269085E+06   0.269085E+06  -0.637268E-02   0.142106E+06   0.142087E+06   0.115464E-01
   0.529123E+00   0.265061E+06   0.263746E+06   0.405730E-01  -0.227343E-01   0.000000E+00   0.264857E+06   0.264857E+06   0.264857E+06  -0.627255E-02   0.139873E+06   0.139855E+06   0.112476E-01
   0.534528E+00   0.260918E+06   0.259624E+06   0.391352E-01  -0.219287E-01   0.000000E+00   0.260718E+06   0.260718E+06   0.260718E+06  -0.617451E-02   0.137687E+06   0.137669E+06   0.109638E-01
   0.539933E+00   0.256859E+06   0.255584E+06   0.377589E-01  -0.211575E-01   0.000000E+00   0.256662E+06   0.256662E+06   0.256662E+06  -0.607846E-02   0.135545E+06   0.135527E+06   0.106930E-01
   0.545339E+00   0.252886E+06   0.251629E+06   0.364414E-01  -0.204193E-01   0.000000E+00   0.252691E+06   0.252691E+06   0.252691E+06  -0.598443E-02   0.133448E+06   0.133431E+06   0.104327E-01
   0.550744E+00   0.249006E+06   0.247768E+06   0.351814E-01  -0.197133E-01   0.000000E+00   0.248814E+06   0.248814E+06   0.248814E+06  -0.589261E-02   0.131400E+06   0.131384E+06   0.101807E-01
   0.556150E+00   0.245227E+06   0.244006E+06   0.339772E-01  -0.190385E-01   0.000000E+00   0.245038E+06   0.245038E+06   0.245038E+06  -0.580317E-02   0.129406E+06   0.129389E+06   0.993544E-02
   0.561555E+00   0.241547E+06   0.240344E+06   0.328261E-01  -0.183935E-01   0.000000E+00   0.241360E+06   0.241360E+06   0.241360E+06  -0.571608E-02   0.127464E+06   0.127448E+06   0.969588E-02
   0.566961E+00   0.237961E+06   0.236775E+06   0.317250E-01  -0.177765E-01   0.000000E+00   0.237777E+06   0.237777E+06   0.237777E+06  -0.563122E-02   0.125572E+06   0.125556E+06   0.946173E-02
   0.572366E+00   0.234466E+06   0.233299E+06   0.306715E-01  -0.171862E-01   0.000000E+00   0.234285E+06   0.234285E+06   0.234285E+06  -0.554852E-02   0.123728E+06   0.123712E+06   0.923339E-02
   0.577772E+00   0.231061E+06   0.229911E+06   0.296632E-01  -0.166212E-01   0.000000E+00   0.230883E+06   0.230883E+06   0.230883E+06  -0.546794E-02   0.121931E+06   0.121915E+06   0.901162E-02
   0.583610E+00   0.227479E+06   0.226348E+06   0.286220E-01  -0.160378E-01   0.000000E+00   0.227304E+06   0.227304E+06   0.227304E+06  -0.538317E-02   0.120040E+06   0.120025E+06   0.877964E-02
   0.606951E+00   0.213934E+06   0.212871E+06   0.248873E-01  -0.139451E-01   0.000000E+00   0.213770E+06   0.213770E+06   0.213770E+06  -0.506265E-02   0.112893E+06   0.112879E+06   0.794353E-02
   0.631226E+00   0.201111E+06   0.200110E+06   0.216306E-01  -0.121203E-01   0.000000E+00   0.200956E+06   0.200956E+06   0.200956E+06  -0.475918E-02   0.106126E+06   0.106112E+06   0.719182E-02
   0.656471E+00   0.189056E+06   0.188117E+06   0.188002E-01  -0.105344E-01   0.000000E+00   0.188911E+06   0.188911E+06   0.188911E+06  -0.447393E-02   0.997649E+05   0.997521E+05   0.650254E-02
   0.819834E+00   0.132634E+06   0.131975E+06   0.845681E-02  -0.473863E-02   0.000000E+00   0.132532E+06   0.132532E+06   0.132532E+06  -0.313873E-02   0.699910E+05   0.699820E+05   0.367798E-02
   0.102385E+01   0.925029E+05   0.920431E+05   0.378168E-02  -0.211901E-02   0.000000E+00   0.924316E+05   0.924316E+05   0.924316E+05  -0.218903E-02   0.488137E+05   0.488073E+05   0.207602E-02
   0.127863E+01   0.641718E+05   0.638528E+05   0.168210E-02  -0.942547E-03   0.000000E+00   0.641224E+05   0.641224E+05   0.641224E+05  -0.151859E-02   0.338634E+05   0.338589E+05   0.117260E-02
   0.159682E+01   0.443043E+05   0.440839E+05   0.744614E-03  -0.417239E-03   0.000000E+00   0.442701E+05   0.442701E+05   0.442701E+05  -0.104844E-02   0.233793E+05   0.233762E+05   0.665090E-03
   0.199418E+01   0.304555E+05   0.303039E+05   0.328192E-03  -0.183902E-03   0.000000E+00   0.304320E+05   0.304320E+05   0.304320E+05  -0.720714E-03   0.160714E+05   0.160691E+05   0.380611E-03
   0.249043E+01   0.208535E+05   0.207495E+05   0.144083E-03  -0.807389E-04   0.000000E+00   0.208374E+05   0.208374E+05   0.208374E+05  -0.493487E-03   0.110044E+05   0.110027E+05   0.221123E-03
   0.311018E+01   0.142280E+05   0.141568E+05   0.630298E-04  -0.353207E-04   0.000000E+00   0.142169E+05   0.142169E+05   0.142169E+05  -0.336696E-03   0.750808E+04   0.750685E+04   0.131418E-03
   0.388414E+01   0.967601E+04   0.962740E+04   0.274828E-04  -0.154017E-04   0.000000E+00   0.966848E+04   0.966848E+04   0.966848E+04  -0.228976E-03   0.510600E+04   0.510506E+04   0.805830E-04
   0.485070E+01   0.656085E+04   0.652766E+04   0.119475E-04  -0.669606E-05   0.000000E+00   0.655570E+04   0.655570E+04   0.655570E+04  -0.155257E-03   0.346213E+04   0.346138E+04   0.513909E-04
   0.605780E+01   0.443653E+04   0.441385E+04   0.517962E-05  -0.290332E-05   0.000000E+00   0.443302E+04   0.443302E+04   0.443302E+04  -0.104986E-03   0.234113E+04   0.234050E+04   0.342784E-04
   0.756527E+01   0.299257E+04   0.297701E+04   0.223981E-05  -0.125572E-05   0.000000E+00   0.299016E+04   0.299016E+04   0.299016E+04  -0.708152E-04   0.157915E+04   0.157860E+04   0.239493E-04
   0.944788E+01   0.201395E+04   0.200321E+04   0.966246E-06  -0.541882E-06   0.000000E+00   0.201228E+04   0.201228E+04   0.201228E+04  -0.476564E-04   0.106272E+04   0.106223E+04   0.174731E-04
   0.117990E+02   0.135247E+04   0.134498E+04   0.415895E-06  -0.233351E-06   0.000000E+00   0.135131E+04   0.135131E+04   0.135131E+04  -0.320028E-04   0.713663E+03   0.713195E+03   0.132255E-04
   0.147351E+02   0.906471E+03   0.901153E+03   0.178620E-06  -0.100296E-06   0.000000E+00   0.905646E+03   0.905646E+03   0.905646E+03  -0.214482E-04   0.478306E+03   0.477851E+03   0.103019E-04
   0.184020E+02   0.606428E+03   0.602562E+03   0.765476E-07  -0.430321E-07   0.000000E+00   0.605828E+03   0.605828E+03   0.605828E+03  -0.143477E-04   0.319971E+03   0.319519E+03   0.819383E-05
   0.229813E+02   0.404997E+03   0.402095E+03   0.327307E-07  -0.184336E-07   0.000000E+00   0.404547E+03   0.404547E+03   0.404547E+03  -0.958080E-05   0.213675E+03   0.213219E+03   0.661068E-05
   0.287001E+02   0.270029E+03   0.267760E+03   0.139608E-07  -0.788501E-08   0.000000E+00   0.269677E+03   0.269677E+03   0.269677E+03  -0.638669E-05   0.142450E+03   0.141987E+03   0.538228E-05
