#          k/h    CDM            baryon         photon         nu             mass_nu        total          no_nu          total_de       Weyl           v_CDM          v_b            v_b-v_c     
   0.105049E-04   0.113215E+06   0.113215E+06   0.150953E+06   0.150953E+06   0.000000E+00   0.113215E+06   0.113215E+06   0.122132E+06  -0.606852E+00   0.112880E+06   0.112880E+06   0.694361E+00
   0.115998E-04   0.113215E+06   0.113215E+06   0.150953E+06   0.150953E+06   0.000000E+00   0.113215E+06   0.113215E+06   0.122132E+06  -0.606852E+00   0.112880E+06   0.112880E+06   0.766729E+00
   0.128088E-04   0.113215E+06   0.113215E+06   0.150953E+06   0.150953E+06   0.000000E+00   0.113215E+06   0.113215E+06   0.122132E+06  -0.606852E+00   0.112880E+06   0.112880E+06   0.846640E+00
   0.141437E-04   0.113215E+06   0.113215E+06   0.150953E+06   0.150952E+06   0.000000E+00   0.113215E+06   0.113215E+06   0.122131E+06  -0.606852E+00   0.112880E+06   0.112880E+06   0.934879E+00
   0.156178E-04   0.113215E+06   0.113215E+06   0.150952E+06   0.150952E+06   0.000000E+00   0.113215E+06   0.113215E+06   0.122131E+06  -0.606852E+00   0.112880E+06   0.112880E+06   0.103231E+01
   0.172456E-04   0.113215E+06   0.113215E+06   0.150952E+06   0.150952E+06   0.000000E+00   0.113215E+06   0.113215E+06   0.122131E+06  -0.606852E+00   0.112880E+06   0.112880E+06   0.113991E+01
   0.190429E-04   0.113215E+06   0.113215E+06   0.150952E+06   0.150952E+06   0.000000E+00   0.113215E+06   0.113215E+06   0.122131E+06  -0.606852E+00   0.112880E+06   0.112880E+06   0.125871E+01
   0.210277E-04   0.113215E+06   0.113215E+06   0.150952E+06   0.150952E+06   0.000000E+00   0.113215E+06   0.113215E+06   0.122131E+06  -0.606852E+00   0.112880E+06   0.112880E+06   0.138990E+01
   0.232192E-04   0.113215E+06   0.113215E+06   0.150952E+06   0.150951E+06   0.000000E+00   0.113215E+06   0.113215E+06   0.122131E+06  -0.606852E+00   0.112880E+06   0.112880E+06   0.153475E+01
   0.256392E-04   0.113215E+06   0.113215E+06   0.150951E+06   0.150951E+06   0.000000E+00   0.113215E+06   0.113215E+06   0.122131E+06  -0.606851E+00   0.112880E+06   0.112880E+06   0.169471E+01
   0.283114E-04   0.113215E+06   0.113215E+06   0.150951E+06   0.150951E+06   0.000000E+00   0.113215E+06   0.113215E+06   0.122131E+06  -0.606851E+00   0.112880E+06   0.112880E+06   0.187134E+01
   0.312621E-04   0.113215E+06   0.113215E+06   0.150951E+06   0.150950E+06   0.000000E+00   0.113215E+06   0.113215E+06   0.122131E+06  -0.606851E+00   0.112880E+06   0.112880E+06   0.206637E+01
   0.345203E-04   0.113215E+06   0.113215E+06   0.150950E+06   0.150950E+06   0.000000E+00   0.113215E+06   0.113215E+06   0.122131E+06  -0.606851E+00   0.112880E+06   0.112880E+06   0.228174E+01
   0.381181E-04   0.113215E+06   0.113214E+06   0.150950E+06   0.150949E+06   0.000000E+00   0.113215E+06   0.113215E+06   0.122131E+06  -0.606850E+00   0.112880E+06   0.112880E+06   0.251955E+01
   0.420909E-04   0.113215E+06   0.113214E+06   0.150949E+06   0.150948E+06   0.000000E+00   0.113214E+06   0.113214E+06   0.122131E+06  -0.606850E+00   0.112880E+06   0.112880E+06   0.278214E+01
   0.464778E-04   0.113214E+06   0.113214E+06   0.150948E+06   0.150947E+06   0.000000E+00   0.113214E+06   0.113214E+06   0.122131E+06  -0.606849E+00   0.112880E+06   0.112880E+06   0.307210E+01
   0.513218E-04   0.113214E+06   0.113214E+06   0.150947E+06   0.150945E+06   0.000000E+00   0.113214E+06   0.113214E+06   0.122131E+06  -0.606848E+00   0.112880E+06   0.112880E+06   0.339228E+01
   0.566707E-04   0.113214E+06   0.113214E+06   0.150945E+06   0.150944E+06   0.000000E+00   0.113214E+06   0.113214E+06   0.122131E+06  -0.606847E+00   0.112880E+06   0.112880E+06   0.374583E+01
   0.625771E-04   0.113214E+06   0.113214E+06   0.150944E+06   0.150942E+06   0.000000E+00   0.113214E+06   0.113214E+06   0.122130E+06  -0.606846E+00   0.112880E+06   0.112879E+06   0.413623E+01
   0.690991E-04   0.113214E+06   0.113214E+06   0.150942E+06   0.150939E+06   0.000000E+00   0.113214E+06   0.113214E+06   0.122130E+06  -0.606845E+00   0.112879E+06   0.112879E+06   0.456731E+01
   0.763008E-04   0.113214E+06   0.113214E+06   0.150939E+06   0.150936E+06   0.000000E+00   0.113214E+06   0.113214E+06   0.122130E+06  -0.606843E+00   0.112879E+06   0.112879E+06   0.504332E+01
   0.842531E-04   0.113214E+06   0.113213E+06   0.150936E+06   0.150932E+06   0.000000E+00   0.113214E+06   0.113214E+06   0.122129E+06  -0.606841E+00   0.112879E+06   0.112879E+06   0.556894E+01
   0.930342E-04   0.113213E+06   0.113213E+06   0.150932E+06   0.150928E+06   0.000000E+00   0.113213E+06   0.113213E+06   0.122129E+06  -0.606838E+00   0.112879E+06   0.112879E+06   0.614934E+01
   0.102730E-03   0.113213E+06   0.113212E+06   0.150928E+06   0.150922E+06   0.000000E+00   0.113213E+06   0.113213E+06   0.122128E+06  -0.606835E+00   0.112878E+06   0.112878E+06   0.679022E+01
   0.113437E-03   0.113213E+06   0.113212E+06   0.150922E+06   0.150915E+06   0.000000E+00   0.113213E+06   0.113213E+06   0.122127E+06  -0.606832E+00   0.112878E+06   0.112878E+06   0.749789E+01
   0.125260E-03   0.113212E+06   0.113211E+06   0.150916E+06   0.150907E+06   0.000000E+00   0.113212E+06   0.113212E+06   0.122127E+06  -0.606827E+00   0.112878E+06   0.112877E+06   0.827930E+01
   0.138315E-03   0.113212E+06   0.113211E+06   0.150907E+06   0.150897E+06   0.000000E+00   0.113212E+06   0.113212E+06   0.122125E+06  -0.606821E+00   0.112877E+06   0.112877E+06   0.914214E+01
   0.152731E-03   0.113211E+06   0.113210E+06   0.150897E+06   0.150884E+06   0.000000E+00   0.113211E+06   0.113211E+06   0.122124E+06  -0.606814E+00   0.112876E+06   0.112876E+06   0.100949E+02
   0.168649E-03   0.113210E+06   0.113209E+06   0.150885E+06   0.150869E+06   0.000000E+00   0.113210E+06   0.113210E+06   0.122122E+06  -0.606806E+00   0.112876E+06   0.112875E+06   0.111469E+02
   0.186226E-03   0.113209E+06   0.113207E+06   0.150870E+06   0.150851E+06   0.000000E+00   0.113209E+06   0.113209E+06   0.122120E+06  -0.606796E+00   0.112875E+06   0.112874E+06   0.123086E+02
   0.205635E-03   0.113208E+06   0.113206E+06   0.150852E+06   0.150829E+06   0.000000E+00   0.113208E+06   0.113208E+06   0.122118E+06  -0.606784E+00   0.112873E+06   0.112872E+06   0.135912E+02
   0.227067E-03   0.113207E+06   0.113204E+06   0.150830E+06   0.150802E+06   0.000000E+00   0.113206E+06   0.113206E+06   0.122115E+06  -0.606768E+00   0.112872E+06   0.112871E+06   0.150075E+02
   0.250732E-03   0.113205E+06   0.113201E+06   0.150803E+06   0.150768E+06   0.000000E+00   0.113204E+06   0.113204E+06   0.122111E+06  -0.606750E+00   0.112870E+06   0.112868E+06   0.165714E+02
   0.276864E-03   0.113203E+06   0.113198E+06   0.150770E+06   0.150728E+06   0.000000E+00   0.113202E+06   0.113202E+06   0.122107E+06  -0.606728E+00   0.112868E+06   0.112866E+06   0.182981E+02
   0.305720E-03   0.113200E+06   0.113194E+06   0.150730E+06   0.150678E+06   0.000000E+00   0.113199E+06   0.113199E+06   0.122102E+06  -0.606700E+00   0.112865E+06   0.112863E+06   0.202046E+02
   0.337583E-03   0.113197E+06   0.113190E+06   0.150681E+06   0.150618E+06   0.000000E+00   0.113196E+06   0.113196E+06   0.122095E+06  -0.606667E+00   0.112862E+06   0.112859E+06   0.223096E+02
   0.372767E-03   0.113193E+06   0.113184E+06   0.150621E+06   0.150545E+06   0.000000E+00   0.113192E+06   0.113192E+06   0.122087E+06  -0.606626E+00   0.112858E+06   0.112854E+06   0.246338E+02
   0.411618E-03   0.113188E+06   0.113178E+06   0.150548E+06   0.150456E+06   0.000000E+00   0.113187E+06   0.113187E+06   0.122077E+06  -0.606576E+00   0.112853E+06   0.112849E+06   0.271999E+02
   0.454518E-03   0.113182E+06   0.113170E+06   0.150460E+06   0.150347E+06   0.000000E+00   0.113180E+06   0.113180E+06   0.122065E+06  -0.606516E+00   0.112847E+06   0.112842E+06   0.300330E+02
   0.501889E-03   0.113175E+06   0.113160E+06   0.150352E+06   0.150214E+06   0.000000E+00   0.113173E+06   0.113173E+06   0.122051E+06  -0.606442E+00   0.112839E+06   0.112833E+06   0.331607E+02
   0.554198E-03   0.113167E+06   0.113148E+06   0.150220E+06   0.150052E+06   0.000000E+00   0.113164E+06   0.113164E+06   0.122033E+06  -0.606352E+00   0.112830E+06   0.112823E+06   0.366135E+02
   0.611958E-03   0.113156E+06   0.113133E+06   0.150060E+06   0.149856E+06   0.000000E+00   0.113152E+06   0.113152E+06   0.122012E+06  -0.606243E+00   0.112819E+06   0.112810E+06   0.404251E+02
   0.675738E-03   0.113143E+06   0.113115E+06   0.149865E+06   0.149616E+06   0.000000E+00   0.113139E+06   0.113139E+06   0.121985E+06  -0.606109E+00   0.112806E+06   0.112795E+06   0.446324E+02
   0.746165E-03   0.113127E+06   0.113093E+06   0.149627E+06   0.149324E+06   0.000000E+00   0.113122E+06   0.113122E+06   0.121953E+06  -0.605947E+00   0.112790E+06   0.112776E+06   0.492762E+02
   0.823933E-03   0.113108E+06   0.113066E+06   0.149337E+06   0.148969E+06   0.000000E+00   0.113102E+06   0.113102E+06   0.121914E+06  -0.605749E+00   0.112770E+06   0.112753E+06   0.544012E+02
   0.909805E-03   0.113085E+06   0.113034E+06   0.148985E+06   0.148537E+06   0.000000E+00   0.113077E+06   0.113077E+06   0.121867E+06  -0.605507E+00   0.112746E+06   0.112726E+06   0.600566E+02
   0.100463E-02   0.113057E+06   0.112994E+06   0.148556E+06   0.148012E+06   0.000000E+00   0.113047E+06   0.113047E+06   0.121809E+06  -0.605214E+00   0.112716E+06   0.112692E+06   0.662965E+02
   0.110933E-02   0.113022E+06   0.112946E+06   0.148035E+06   0.147373E+06   0.000000E+00   0.113010E+06   0.113010E+06   0.121739E+06  -0.604856E+00   0.112680E+06   0.112651E+06   0.731801E+02
   0.122495E-02   0.112980E+06   0.112887E+06   0.147401E+06   0.146598E+06   0.000000E+00   0.112965E+06   0.112965E+06   0.121653E+06  -0.604421E+00   0.112637E+06   0.112601E+06   0.807720E+02
   0.135262E-02   0.112928E+06   0.112815E+06   0.146632E+06   0.145659E+06   0.000000E+00   0.112911E+06   0.112911E+06   0.121549E+06  -0.603892E+00   0.112583E+06   0.112539E+06   0.891432E+02
   0.149359E-02   0.112866E+06   0.112728E+06   0.145698E+06   0.144520E+06   0.000000E+00   0.112845E+06   0.112845E+06   0.121423E+06  -0.603248E+00   0.112519E+06   0.112465E+06   0.983706E+02
   0.164926E-02   0.112790E+06   0.112622E+06   0.144567E+06   0.143142E+06   0.000000E+00   0.112764E+06   0.112764E+06   0.121269E+06  -0.602466E+00   0.112440E+06   0.112374E+06   0.108538E+03
   0.182115E-02   0.112697E+06   0.112493E+06   0.143197E+06   0.141478E+06   0.000000E+00   0.112666E+06   0.112666E+06   0.121083E+06  -0.601517E+00   0.112344E+06   0.112264E+06   0.119735E+03
   0.201096E-02   0.112585E+06   0.112336E+06   0.141542E+06   0.139473E+06   0.000000E+00   0.112546E+06   0.112546E+06   0.120858E+06  -0.600367E+00   0.112227E+06   0.112130E+06   0.132061E+03
   0.222054E-02   0.112448E+06   0.112145E+06   0.139546E+06   0.137062E+06   0.000000E+00   0.112401E+06   0.112401E+06   0.120585E+06  -0.598972E+00   0.112085E+06   0.111966E+06   0.145618E+03
   0.245198E-02   0.112283E+06   0.111912E+06   0.137144E+06   0.134173E+06   0.000000E+00   0.112225E+06   0.112225E+06   0.120255E+06  -0.597286E+00   0.111912E+06   0.111768E+06   0.160518E+03
   0.270753E-02   0.112081E+06   0.111631E+06   0.134263E+06   0.130725E+06   0.000000E+00   0.112012E+06   0.112012E+06   0.119857E+06  -0.595250E+00   0.111702E+06   0.111527E+06   0.176877E+03
   0.298972E-02   0.111838E+06   0.111289E+06   0.130819E+06   0.126627E+06   0.000000E+00   0.111753E+06   0.111753E+06   0.119379E+06  -0.592796E+00   0.111447E+06   0.111235E+06   0.194814E+03
   0.330131E-02   0.111543E+06   0.110875E+06   0.126721E+06   0.121787E+06   0.000000E+00   0.111439E+06   0.111439E+06   0.118806E+06  -0.589847E+00   0.111139E+06   0.110880E+06   0.214454E+03
   0.364539E-02   0.111187E+06   0.110374E+06   0.121870E+06   0.116110E+06   0.000000E+00   0.111061E+06   0.111061E+06   0.118121E+06  -0.586313E+00   0.110765E+06   0.110451E+06   0.235918E+03
   0.402532E-02   0.110757E+06   0.109768E+06   0.116168E+06   0.109511E+06   0.000000E+00   0.110604E+06   0.110604E+06   0.117306E+06  -0.582095E+00   0.110314E+06   0.109932E+06   0.259322E+03
   0.444485E-02   0.110241E+06   0.109039E+06   0.109521E+06   0.101922E+06   0.000000E+00   0.110055E+06   0.110055E+06   0.116342E+06  -0.577082E+00   0.109769E+06   0.109307E+06   0.284776E+03
   0.490810E-02   0.109622E+06   0.108162E+06   0.101850E+06   0.933128E+05   0.000000E+00   0.109396E+06   0.109396E+06   0.115207E+06  -0.571157E+00   0.109114E+06   0.108554E+06   0.312367E+03
   0.541964E-02   0.108882E+06   0.107110E+06   0.931119E+05   0.837085E+05   0.000000E+00   0.108607E+06   0.108607E+06   0.113882E+06  -0.564201E+00   0.108327E+06   0.107650E+06   0.342160E+03
   0.598449E-02   0.108002E+06   0.105853E+06   0.833144E+05   0.732180E+05   0.000000E+00   0.107669E+06   0.107669E+06   0.112348E+06  -0.556095E+00   0.107387E+06   0.106569E+06   0.374178E+03
   0.660821E-02   0.106960E+06   0.104357E+06   0.725479E+05   0.620609E+05   0.000000E+00   0.106556E+06   0.106556E+06   0.110590E+06  -0.546738E+00   0.106267E+06   0.105281E+06   0.408394E+03
   0.729694E-02   0.105733E+06   0.102585E+06   0.610138E+05   0.505903E+05   0.000000E+00   0.105245E+06   0.105245E+06   0.108599E+06  -0.536052E+00   0.104940E+06   0.103755E+06   0.444712E+03
   0.805745E-02   0.104299E+06   0.100498E+06   0.490540E+05   0.393029E+05   0.000000E+00   0.103710E+06   0.103710E+06   0.106373E+06  -0.524002E+00   0.103379E+06   0.101957E+06   0.482951E+03
   0.889722E-02   0.102635E+06   0.980558E+05   0.371693E+05   0.288164E+05   0.000000E+00   0.101925E+06   0.101925E+06   0.103920E+06  -0.510606E+00   0.101553E+06   0.998542E+05   0.522826E+03
   0.982452E-02   0.100722E+06   0.952189E+05   0.260107E+05   0.198005E+05   0.000000E+00   0.998688E+05   0.998688E+05   0.101256E+06  -0.495946E+00   0.994393E+05   0.974155E+05   0.563928E+03
   0.108485E-01   0.985445E+05   0.919511E+05   0.163248E+05   0.128456E+05   0.000000E+00   0.975223E+05   0.975223E+05   0.984031E+05  -0.480170E+00   0.970161E+05   0.946158E+05   0.605710E+03
   0.119791E-01   0.960927E+05   0.882220E+05   0.883243E+04   0.827735E+04   0.000000E+00   0.948725E+05   0.948725E+05   0.953809E+05  -0.463468E+00   0.942715E+05   0.914383E+05   0.647469E+03
   0.132276E-01   0.933635E+05   0.840093E+05   0.403558E+04   0.596888E+04   0.000000E+00   0.919132E+05   0.919132E+05   0.921980E+05  -0.446037E+00   0.912048E+05   0.878789E+05   0.688330E+03
   0.146062E-01   0.903604E+05   0.793019E+05   0.198481E+04   0.525544E+04   0.000000E+00   0.886459E+05   0.886459E+05   0.888417E+05  -0.428016E+00   0.878280E+05   0.839481E+05   0.727215E+03
   0.161285E-01   0.870926E+05   0.741022E+05   0.210161E+04   0.509215E+04   0.000000E+00   0.850786E+05   0.850786E+05   0.852745E+05  -0.409430E+00   0.841654E+05   0.796714E+05   0.762807E+03
   0.178095E-01   0.835725E+05   0.684296E+05   0.321301E+04   0.451839E+04   0.000000E+00   0.812248E+05   0.812248E+05   0.814459E+05  -0.390164E+00   0.802493E+05   0.750874E+05   0.793475E+03
   0.196657E-01   0.798142E+05   0.623245E+05   0.394666E+04   0.324586E+04   0.000000E+00   0.771026E+05   0.771026E+05   0.773189E+05  -0.370008E+00   0.761134E+05   0.702431E+05   0.817194E+03
   0.217153E-01   0.758326E+05   0.558575E+05   0.344629E+04   0.186506E+04   0.000000E+00   0.727357E+05   0.727357E+05   0.729013E+05  -0.348793E+00   0.717871E+05   0.651916E+05   0.831476E+03
   0.239785E-01   0.716469E+05   0.491411E+05   0.198134E+04   0.120593E+04   0.000000E+00   0.681576E+05   0.681576E+05   0.682561E+05  -0.326535E+00   0.672955E+05   0.599959E+05   0.833399E+03
   0.264776E-01   0.672849E+05   0.423444E+05   0.738472E+03   0.114583E+04   0.000000E+00   0.634181E+05   0.634181E+05   0.634715E+05  -0.303514E+00   0.626625E+05   0.547334E+05   0.819816E+03
   0.292372E-01   0.627883E+05   0.357037E+05   0.568806E+03   0.868185E+03   0.000000E+00   0.585891E+05   0.585891E+05   0.586299E+05  -0.280144E+00   0.579534E+05   0.495399E+05   0.787791E+03
   0.322844E-01   0.582160E+05   0.295237E+05   0.908495E+03   0.652293E+03   0.000000E+00   0.537676E+05   0.537676E+05   0.538151E+05  -0.256945E+00   0.532401E+05   0.445702E+05   0.735180E+03
   0.356492E-01   0.536435E+05   0.241592E+05   0.682625E+03   0.488113E+03   0.000000E+00   0.490723E+05   0.490723E+05   0.491079E+05  -0.234423E+00   0.486277E+05   0.400164E+05   0.661294E+03
   0.393646E-01   0.491596E+05   0.199706E+05   0.198210E+03   0.364917E+03   0.000000E+00   0.446342E+05   0.446342E+05   0.446499E+05  -0.213121E+00   0.442336E+05   0.360710E+05   0.567668E+03
   0.434673E-01   0.448594E+05   0.172469E+05   0.290636E+03   0.273054E+03   0.000000E+00   0.405784E+05   0.405784E+05   0.405952E+05  -0.193669E+00   0.401684E+05   0.328807E+05   0.458986E+03
   0.478141E-01   0.409731E+05   0.161015E+05   0.209145E+03   0.207983E+03   0.000000E+00   0.371171E+05   0.371171E+05   0.371294E+05  -0.177100E+00   0.366383E+05   0.305568E+05   0.348197E+03
   0.521608E-01   0.377120E+05   0.162026E+05   0.164201E+03   0.163273E+03   0.000000E+00   0.343772E+05   0.343772E+05   0.343869E+05  -0.163987E+00   0.338178E+05   0.290446E+05   0.250514E+03
   0.565075E-01   0.349408E+05   0.169099E+05   0.132121E+03   0.131360E+03   0.000000E+00   0.321453E+05   0.321453E+05   0.321531E+05  -0.153310E+00   0.314956E+05   0.279499E+05   0.171776E+03
   0.608543E-01   0.325681E+05   0.176912E+05   0.108231E+03   0.107598E+03   0.000000E+00   0.302616E+05   0.302616E+05   0.302680E+05  -0.144305E+00   0.295365E+05   0.269930E+05   0.114423E+03
   0.652010E-01   0.304898E+05   0.181254E+05   0.896241E+02   0.890940E+02   0.000000E+00   0.285728E+05   0.285728E+05   0.285781E+05  -0.136236E+00   0.278084E+05   0.259534E+05   0.778869E+02
   0.695477E-01   0.286258E+05   0.179679E+05   0.746176E+02   0.741742E+02   0.000000E+00   0.269734E+05   0.269734E+05   0.269778E+05  -0.128599E+00   0.262142E+05   0.247071E+05   0.593244E+02
   0.738945E-01   0.269163E+05   0.171486E+05   0.622555E+02   0.618864E+02   0.000000E+00   0.254019E+05   0.254019E+05   0.254056E+05  -0.121100E+00   0.246875E+05   0.232179E+05   0.544443E+02
   0.782412E-01   0.253246E+05   0.157520E+05   0.519779E+02   0.516726E+02   0.000000E+00   0.238405E+05   0.238405E+05   0.238436E+05  -0.113650E+00   0.231992E+05   0.215317E+05   0.583456E+02
   0.825879E-01   0.238332E+05   0.139725E+05   0.434309E+02   0.431796E+02   0.000000E+00   0.223044E+05   0.223044E+05   0.223070E+05  -0.106324E+00   0.217531E+05   0.197532E+05   0.662912E+02
   0.869347E-01   0.224373E+05   0.120572E+05   0.363693E+02   0.361624E+02   0.000000E+00   0.208279E+05   0.208279E+05   0.208301E+05  -0.992827E-01   0.203713E+05   0.180112E+05   0.743202E+02
   0.912814E-01   0.211377E+05   0.102507E+05   0.306037E+02   0.304327E+02   0.000000E+00   0.194498E+05   0.194498E+05   0.194516E+05  -0.927109E-01   0.190790E+05   0.164237E+05   0.796336E+02
   0.966868E-01   0.196644E+05   0.845069E+04   0.249860E+02   0.248486E+02   0.000000E+00   0.179258E+05   0.179258E+05   0.179273E+05  -0.854441E-01   0.176320E+05   0.147963E+05   0.802886E+02
   0.102092E+00   0.183627E+05   0.734729E+04   0.207775E+02   0.206640E+02   0.000000E+00   0.166549E+05   0.166549E+05   0.166561E+05  -0.793834E-01   0.163974E+05   0.136335E+05   0.741149E+02
   0.107498E+00   0.172357E+05   0.695904E+04   0.176402E+02   0.175432E+02   0.000000E+00   0.156424E+05   0.156424E+05   0.156434E+05  -0.745553E-01   0.153866E+05   0.129197E+05   0.628232E+02
   0.112903E+00   0.162643E+05   0.711953E+04   0.152627E+02   0.151773E+02   0.000000E+00   0.148465E+05   0.148465E+05   0.148474E+05  -0.707596E-01   0.145691E+05   0.125394E+05   0.492136E+02
   0.118309E+00   0.154146E+05   0.755456E+04   0.133892E+02   0.133128E+02   0.000000E+00   0.141960E+05   0.141960E+05   0.141968E+05  -0.676575E-01   0.138863E+05   0.123231E+05   0.361728E+02
   0.123714E+00   0.146527E+05   0.797833E+04   0.118309E+02   0.117622E+02   0.000000E+00   0.136179E+05   0.136179E+05   0.136186E+05  -0.649008E-01   0.132789E+05   0.121084E+05   0.259010E+02
   0.129120E+00   0.139498E+05   0.816884E+04   0.104638E+02   0.104025E+02   0.000000E+00   0.130535E+05   0.130535E+05   0.130541E+05  -0.622098E-01   0.126999E+05   0.117800E+05   0.195046E+02
   0.134525E+00   0.132833E+05   0.801115E+04   0.922228E+01   0.916818E+01   0.000000E+00   0.124659E+05   0.124659E+05   0.124665E+05  -0.594088E-01   0.121187E+05   0.112851E+05   0.169637E+02
   0.139930E+00   0.126409E+05   0.750934E+04   0.808510E+01   0.803797E+01   0.000000E+00   0.118453E+05   0.118453E+05   0.118458E+05  -0.564507E-01   0.115245E+05   0.106358E+05   0.173862E+02
   0.145336E+00   0.120214E+05   0.676594E+04   0.705821E+01   0.701756E+01   0.000000E+00   0.112066E+05   0.112066E+05   0.112071E+05  -0.534065E-01   0.109257E+05   0.989477E+04   0.194188E+02
   0.150741E+00   0.114302E+05   0.593607E+04   0.615669E+01   0.612176E+01   0.000000E+00   0.105784E+05   0.105784E+05   0.105788E+05  -0.504122E-01   0.103405E+05   0.914679E+04   0.216782E+02
   0.156147E+00   0.108747E+05   0.517706E+04   0.539050E+01   0.536035E+01   0.000000E+00   0.999133E+04   0.999133E+04   0.999165E+04  -0.476142E-01   0.978969E+04   0.847265E+04   0.230907E+02
   0.161552E+00   0.103634E+05   0.460892E+04   0.475774E+01   0.473137E+01   0.000000E+00   0.947127E+04   0.947127E+04   0.947155E+04  -0.451355E-01   0.929381E+04   0.793186E+04   0.230792E+02
   0.166958E+00   0.990302E+04   0.428919E+04   0.424510E+01   0.422160E+01   0.000000E+00   0.903266E+04   0.903266E+04   0.903291E+04  -0.430450E-01   0.886649E+04   0.754970E+04   0.215914E+02
   0.172363E+00   0.949311E+04   0.420505E+04   0.383165E+01   0.381030E+01   0.000000E+00   0.867325E+04   0.867325E+04   0.867348E+04  -0.413320E-01   0.850691E+04   0.731097E+04   0.189949E+02
   0.177769E+00   0.912604E+04   0.428687E+04   0.349261E+01   0.347293E+01   0.000000E+00   0.837578E+04   0.837578E+04   0.837598E+04  -0.399140E-01   0.820080E+04   0.716905E+04   0.158888E+02
   0.183174E+00   0.879140E+04   0.443737E+04   0.320340E+01   0.318513E+01   0.000000E+00   0.811636E+04   0.811636E+04   0.811655E+04  -0.386775E-01   0.792959E+04   0.706656E+04   0.128984E+02
   0.188579E+00   0.847961E+04   0.456175E+04   0.294399E+01   0.292703E+01   0.000000E+00   0.787219E+04   0.787219E+04   0.787237E+04  -0.375138E-01   0.767654E+04   0.695245E+04   0.105115E+02
   0.193985E+00   0.818219E+04   0.458979E+04   0.270176E+01   0.268611E+01   0.000000E+00   0.762523E+04   0.762523E+04   0.762539E+04  -0.363367E-01   0.742734E+04   0.679065E+04   0.898537E+01
   0.199390E+00   0.789248E+04   0.448862E+04   0.247125E+01   0.245693E+01   0.000000E+00   0.736475E+04   0.736475E+04   0.736489E+04  -0.350953E-01   0.717189E+04   0.656521E+04   0.832974E+01
   0.204796E+00   0.760766E+04   0.426598E+04   0.225209E+01   0.223910E+01   0.000000E+00   0.708957E+04   0.708957E+04   0.708970E+04  -0.337838E-01   0.690790E+04   0.628306E+04   0.835261E+01
   0.210201E+00   0.732914E+04   0.396208E+04   0.204693E+01   0.203521E+01   0.000000E+00   0.680712E+04   0.680712E+04   0.680724E+04  -0.324378E-01   0.664086E+04   0.596919E+04   0.874771E+01
   0.215607E+00   0.706057E+04   0.363329E+04   0.185967E+01   0.184912E+01   0.000000E+00   0.652921E+04   0.652921E+04   0.652932E+04  -0.311134E-01   0.637960E+04   0.565556E+04   0.919333E+01
   0.221012E+00   0.680572E+04   0.333459E+04   0.169358E+01   0.168404E+01   0.000000E+00   0.626756E+04   0.626756E+04   0.626766E+04  -0.298665E-01   0.613246E+04   0.537086E+04   0.943370E+01
   0.226418E+00   0.656759E+04   0.310614E+04   0.154981E+01   0.154112E+01   0.000000E+00   0.603094E+04   0.603094E+04   0.603103E+04  -0.287389E-01   0.590590E+04   0.513454E+04   0.932648E+01
   0.231823E+00   0.634778E+04   0.296574E+04   0.142709E+01   0.141910E+01   0.000000E+00   0.582343E+04   0.582343E+04   0.582351E+04  -0.277500E-01   0.570346E+04   0.495377E+04   0.885314E+01
   0.237228E+00   0.614600E+04   0.290781E+04   0.132239E+01   0.131495E+01   0.000000E+00   0.564395E+04   0.564395E+04   0.564403E+04  -0.268947E-01   0.552478E+04   0.482306E+04   0.809786E+01
   0.242634E+00   0.596028E+04   0.290850E+04   0.123176E+01   0.122479E+01   0.000000E+00   0.548714E+04   0.548714E+04   0.548721E+04  -0.261474E-01   0.536600E+04   0.472740E+04   0.720532E+01
   0.248039E+00   0.578751E+04   0.293447E+04   0.115111E+01   0.114456E+01   0.000000E+00   0.534518E+04   0.534518E+04   0.534525E+04  -0.254708E-01   0.522127E+04   0.464756E+04   0.633204E+01
   0.253445E+00   0.562389E+04   0.295243E+04   0.107693E+01   0.107077E+01   0.000000E+00   0.520971E+04   0.520971E+04   0.520977E+04  -0.248252E-01   0.508403E+04   0.456512E+04   0.560500E+01
   0.258850E+00   0.546578E+04   0.293724E+04   0.100685E+01   0.100107E+01   0.000000E+00   0.507376E+04   0.507376E+04   0.507382E+04  -0.241773E-01   0.494839E+04   0.446653E+04   0.509611E+01
   0.264256E+00   0.531093E+04   0.287721E+04   0.939744E+00   0.934345E+00   0.000000E+00   0.493361E+04   0.493361E+04   0.493366E+04  -0.235095E-01   0.481090E+04   0.434612E+04   0.481504E+01
   0.269661E+00   0.515889E+04   0.277503E+04   0.875523E+00   0.870504E+00   0.000000E+00   0.478930E+04   0.478930E+04   0.478935E+04  -0.228218E-01   0.467144E+04   0.420665E+04   0.471860E+01
   0.275067E+00   0.501037E+04   0.264431E+04   0.814698E+00   0.810047E+00   0.000000E+00   0.464354E+04   0.464354E+04   0.464359E+04  -0.221272E-01   0.453209E+04   0.405671E+04   0.473130E+01
   0.280472E+00   0.486636E+04   0.250397E+04   0.758049E+00   0.753740E+00   0.000000E+00   0.450009E+04   0.450009E+04   0.450014E+04  -0.214436E-01   0.439555E+04   0.390685E+04   0.477006E+01
   0.285877E+00   0.472799E+04   0.237286E+04   0.706286E+00   0.702287E+00   0.000000E+00   0.436285E+04   0.436285E+04   0.436289E+04  -0.207896E-01   0.426448E+04   0.376683E+04   0.476561E+01
   0.291283E+00   0.459655E+04   0.226551E+04   0.659766E+00   0.656040E+00   0.000000E+00   0.423515E+04   0.423515E+04   0.423519E+04  -0.201811E-01   0.414143E+04   0.364389E+04   0.467616E+01
   0.296688E+00   0.447293E+04   0.218910E+04   0.618349E+00   0.614859E+00   0.000000E+00   0.411885E+04   0.411885E+04   0.411889E+04  -0.196269E-01   0.402809E+04   0.354130E+04   0.449175E+01
   0.302094E+00   0.435706E+04   0.214252E+04   0.581472E+00   0.578185E+00   0.000000E+00   0.401372E+04   0.401372E+04   0.401376E+04  -0.191259E-01   0.392447E+04   0.345765E+04   0.423033E+01
   0.307499E+00   0.424804E+04   0.211796E+04   0.548338E+00   0.545230E+00   0.000000E+00   0.391779E+04   0.391779E+04   0.391782E+04  -0.186687E-01   0.382900E+04   0.338781E+04   0.392782E+01
   0.312905E+00   0.414466E+04   0.210422E+04   0.518099E+00   0.515153E+00   0.000000E+00   0.382832E+04   0.382832E+04   0.382835E+04  -0.182423E-01   0.373952E+04   0.332511E+04   0.362569E+01
   0.318310E+00   0.404577E+04   0.208993E+04   0.489987E+00   0.487193E+00   0.000000E+00   0.374254E+04   0.374254E+04   0.374257E+04  -0.178336E-01   0.365391E+04   0.326329E+04   0.335954E+01
   0.323716E+00   0.395020E+04   0.206615E+04   0.463414E+00   0.460767E+00   0.000000E+00   0.365810E+04   0.365810E+04   0.365812E+04  -0.174312E-01   0.357029E+04   0.319764E+04   0.315149E+01
   0.329121E+00   0.385698E+04   0.202808E+04   0.438044E+00   0.435540E+00   0.000000E+00   0.357343E+04   0.357343E+04   0.357345E+04  -0.170277E-01   0.348729E+04   0.312574E+04   0.300739E+01
   0.334526E+00   0.376568E+04   0.197568E+04   0.413788E+00   0.411425E+00   0.000000E+00   0.348816E+04   0.348816E+04   0.348819E+04  -0.166214E-01   0.340444E+04   0.304782E+04   0.291839E+01
   0.339932E+00   0.367645E+04   0.191297E+04   0.390728E+00   0.388501E+00   0.000000E+00   0.340305E+04   0.340305E+04   0.340307E+04  -0.162158E-01   0.332222E+04   0.296637E+04   0.286578E+01
   0.345337E+00   0.358972E+04   0.184620E+04   0.369007E+00   0.366909E+00   0.000000E+00   0.331941E+04   0.331941E+04   0.331943E+04  -0.158172E-01   0.324166E+04   0.288502E+04   0.282720E+01
   0.350743E+00   0.350589E+04   0.178190E+04   0.348754E+00   0.346774E+00   0.000000E+00   0.323860E+04   0.323860E+04   0.323862E+04  -0.154322E-01   0.316379E+04   0.280728E+04   0.278268E+01
   0.356148E+00   0.342532E+04   0.172527E+04   0.330044E+00   0.328173E+00   0.000000E+00   0.316175E+04   0.316175E+04   0.316177E+04  -0.150660E-01   0.308945E+04   0.273574E+04   0.271887E+01
   0.361554E+00   0.334830E+04   0.167921E+04   0.312871E+00   0.311098E+00   0.000000E+00   0.308953E+04   0.308953E+04   0.308954E+04  -0.147218E-01   0.301915E+04   0.267169E+04   0.263095E+01
   0.366959E+00   0.327484E+04   0.164395E+04   0.297128E+00   0.295443E+00   0.000000E+00   0.302199E+04   0.302199E+04   0.302201E+04  -0.144000E-01   0.295296E+04   0.261491E+04   0.252196E+01
   0.372365E+00   0.320469E+04   0.161732E+04   0.282630E+00   0.281026E+00   0.000000E+00   0.295859E+04   0.295859E+04   0.295861E+04  -0.140979E-01   0.289046E+04   0.256395E+04   0.240052E+01
   0.377770E+00   0.313742E+04   0.159574E+04   0.269162E+00   0.267632E+00   0.000000E+00   0.289840E+04   0.289840E+04   0.289842E+04  -0.138111E-01   0.283098E+04   0.251668E+04   0.227762E+01
   0.383175E+00   0.307261E+04   0.157536E+04   0.256528E+00   0.255068E+00   0.000000E+00   0.284048E+04   0.284048E+04   0.284049E+04  -0.135351E-01   0.277375E+04   0.247093E+04   0.216353E+01
   0.388581E+00   0.300987E+04   0.155295E+04   0.244573E+00   0.243180E+00   0.000000E+00   0.278399E+04   0.278399E+04   0.278400E+04  -0.132659E-01   0.271813E+04   0.242497E+04   0.206541E+01
   0.393986E+00   0.294882E+04   0.152653E+04   0.233191E+00   0.231862E+00   0.000000E+00   0.272831E+04   0.272831E+04   0.272833E+04  -0.130006E-01   0.266357E+04   0.237774E+04   0.198609E+01
   0.399392E+00   0.288921E+04   0.149559E+04   0.222324E+00   0.221058E+00   0.000000E+00   0.267314E+04   0.267314E+04   0.267315E+04  -0.127377E-01   0.260975E+04   0.232902E+04   0.192423E+01
   0.404797E+00   0.283097E+04   0.146108E+04   0.211965E+00   0.210758E+00   0.000000E+00   0.261858E+04   0.261858E+04   0.261859E+04  -0.124777E-01   0.255672E+04   0.227943E+04   0.187533E+01
   0.410203E+00   0.277425E+04   0.142496E+04   0.202132E+00   0.200982E+00   0.000000E+00   0.256506E+04   0.256506E+04   0.256507E+04  -0.122226E-01   0.250481E+04   0.223010E+04   0.183341E+01
   0.415608E+00   0.271920E+04   0.138942E+04   0.192850E+00   0.191754E+00   0.000000E+00   0.251304E+04   0.251304E+04   0.251305E+04  -0.119747E-01   0.245438E+04   0.218224E+04   0.179262E+01
   0.421014E+00   0.266589E+04   0.135627E+04   0.184128E+00   0.183082E+00   0.000000E+00   0.246285E+04   0.246285E+04   0.246286E+04  -0.117356E-01   0.240565E+04   0.213674E+04   0.174862E+01
   0.426419E+00   0.261434E+04   0.132666E+04   0.175958E+00   0.174959E+00   0.000000E+00   0.241470E+04   0.241470E+04   0.241471E+04  -0.115061E-01   0.235875E+04   0.209407E+04   0.169924E+01
   0.431825E+00   0.256459E+04   0.130097E+04   0.168316E+00   0.167361E+00   0.000000E+00   0.236868E+04   0.236868E+04   0.236869E+04  -0.112869E-01   0.231377E+04   0.205436E+04   0.164455E+01
   0.437230E+00   0.251665E+04   0.127878E+04   0.161158E+00   0.160242E+00   0.000000E+00   0.232473E+04   0.232473E+04   0.232474E+04  -0.110775E-01   0.227069E+04   0.201732E+04   0.158643E+01
   0.442635E+00   0.247035E+04   0.125904E+04   0.154425E+00   0.153548E+00   0.000000E+00   0.228255E+04   0.228255E+04   0.228256E+04  -0.108765E-01   0.222928E+04   0.198228E+04   0.152770E+01
   0.448041E+00   0.242547E+04   0.124039E+04   0.148062E+00   0.147220E+00   0.000000E+00   0.224174E+04   0.224174E+04   0.224175E+04  -0.106820E-01   0.218919E+04   0.194840E+04   0.147128E+01
   0.453446E+00   0.238185E+04   0.122170E+04   0.142018E+00   0.141210E+00   0.000000E+00   0.220198E+04   0.220198E+04   0.220199E+04  -0.104925E-01   0.215018E+04   0.191506E+04   0.141946E+01
   0.458852E+00   0.233941E+04   0.120222E+04   0.136258E+00   0.135483E+00   0.000000E+00   0.216311E+04   0.216311E+04   0.216311E+04  -0.103073E-01   0.211211E+04   0.188191E+04   0.137343E+01
   0.464257E+00   0.229806E+04   0.118161E+04   0.130758E+00   0.130014E+00   0.000000E+00   0.212497E+04   0.212497E+04   0.212498E+04  -0.101256E-01   0.207487E+04   0.184878E+04   0.133321E+01
   0.469663E+00   0.225769E+04   0.115996E+04   0.125504E+00   0.124790E+00   0.000000E+00   0.208750E+04   0.208750E+04   0.208750E+04  -0.994698E-02   0.203834E+04   0.181568E+04   0.129785E+01
   0.475068E+00   0.221824E+04   0.113774E+04   0.120491E+00   0.119806E+00   0.000000E+00   0.205072E+04   0.205072E+04   0.205073E+04  -0.977176E-02   0.200252E+04   0.178287E+04   0.126579E+01
   0.480474E+00   0.217981E+04   0.111566E+04   0.115719E+00   0.115061E+00   0.000000E+00   0.201483E+04   0.201483E+04   0.201483E+04  -0.960072E-02   0.196758E+04   0.175076E+04   0.123536E+01
   0.485879E+00   0.214245E+04   0.109441E+04   0.111187E+00   0.110555E+00   0.000000E+00   0.197996E+04   0.197996E+04   0.197997E+04  -0.943458E-02   0.193363E+04   0.171974E+04   0.120514E+01
   0.491284E+00   0.210614E+04   0.107441E+04   0.106890E+00   0.106283E+00   0.000000E+00   0.194618E+04   0.194618E+04   0.194619E+04  -0.927360E-02   0.190071E+04   0.168998E+04   0.117424E+01
   0.496690E+00   0.207083E+04   0.105586E+04   0.102817E+00   0.102233E+00   0.000000E+00   0.191347E+04   0.191347E+04   0.191348E+04  -0.911774E-02   0.186877E+04   0.166150E+04   0.114241E+01
   0.502095E+00   0.203653E+04   0.103871E+04   0.989563E-01   0.983940E-01   0.000000E+00   0.188183E+04   0.188183E+04   0.188183E+04  -0.896695E-02   0.183783E+04   0.163426E+04   0.110994E+01
   0.507501E+00   0.200322E+04   0.102273E+04   0.952911E-01   0.947495E-01   0.000000E+00   0.185120E+04   0.185120E+04   0.185121E+04  -0.882103E-02   0.180786E+04   0.160811E+04   0.107750E+01
   0.512906E+00   0.197083E+04   0.100752E+04   0.918038E-01   0.912819E-01   0.000000E+00   0.182148E+04   0.182148E+04   0.182148E+04  -0.867939E-02   0.177876E+04   0.158281E+04   0.104587E+01
   0.518312E+00   0.193926E+04   0.992661E+03   0.884766E-01   0.879735E-01   0.000000E+00   0.179250E+04   0.179250E+04   0.179251E+04  -0.854132E-02   0.175039E+04   0.155808E+04   0.101574E+01
   0.523717E+00   0.190846E+04   0.977828E+03   0.852956E-01   0.848105E-01   0.000000E+00   0.176418E+04   0.176418E+04   0.176418E+04  -0.840633E-02   0.172268E+04   0.153376E+04   0.987554E+00
   0.529123E+00   0.187840E+04   0.962876E+03   0.822512E-01   0.817834E-01   0.000000E+00   0.173646E+04   0.173646E+04   0.173646E+04  -0.827425E-02   0.169559E+04   0.150976E+04   0.961459E+00
   0.534528E+00   0.184905E+04   0.947782E+03   0.793359E-01   0.788847E-01   0.000000E+00   0.170932E+04   0.170932E+04   0.170932E+04  -0.814494E-02   0.166910E+04   0.148609E+04   0.937289E+00
   0.539933E+00   0.182037E+04   0.932621E+03   0.765435E-01   0.761083E-01   0.000000E+00   0.168273E+04   0.168273E+04   0.168274E+04  -0.801826E-02   0.164317E+04   0.146277E+04   0.914669E+00
   0.545339E+00   0.179233E+04   0.917562E+03   0.738701E-01   0.734501E-01   0.000000E+00   0.165671E+04   0.165671E+04   0.165671E+04  -0.789425E-02   0.161778E+04   0.143987E+04   0.893131E+00
   0.550744E+00   0.176496E+04   0.902831E+03   0.713132E-01   0.709078E-01   0.000000E+00   0.163130E+04   0.163130E+04   0.163130E+04  -0.777316E-02   0.159300E+04   0.141753E+04   0.872230E+00
   0.556150E+00   0.173827E+04   0.888618E+03   0.688700E-01   0.684785E-01   0.000000E+00   0.160654E+04   0.160654E+04   0.160655E+04  -0.765520E-02   0.156885E+04   0.139584E+04   0.851639E+00
   0.561555E+00   0.171224E+04   0.875006E+03   0.665358E-01   0.661576E-01   0.000000E+00   0.158243E+04   0.158243E+04   0.158244E+04  -0.754031E-02   0.154531E+04   0.137482E+04   0.831188E+00
   0.566961E+00   0.168682E+04   0.861992E+03   0.643047E-01   0.639392E-01   0.000000E+00   0.155894E+04   0.155894E+04   0.155894E+04  -0.742837E-02   0.152237E+04   0.135444E+04   0.810870E+00
   0.572366E+00   0.166201E+04   0.849530E+03   0.621710E-01   0.618176E-01   0.000000E+00   0.153605E+04   0.153605E+04   0.153605E+04  -0.731928E-02   0.149999E+04   0.133465E+04   0.790805E+00
   0.577772E+00   0.163781E+04   0.837533E+03   0.601292E-01   0.597874E-01   0.000000E+00   0.151374E+04   0.151374E+04   0.151374E+04  -0.721298E-02   0.147818E+04   0.131543E+04   0.771181E+00
   0.583610E+00   0.161233E+04   0.825024E+03   0.580210E-01   0.576911E-01   0.000000E+00   0.149027E+04   0.149027E+04   0.149027E+04  -0.710114E-02   0.145524E+04   0.129523E+04   0.750579E+00
   0.606951E+00   0.151627E+04   0.776255E+03   0.504526E-01   0.501657E-01   0.000000E+00   0.140154E+04   0.140154E+04   0.140154E+04  -0.667835E-02   0.136857E+04   0.121819E+04   0.678261E+00
   0.631226E+00   0.142550E+04   0.729119E+03   0.438493E-01   0.436000E-01   0.000000E+00   0.131753E+04   0.131753E+04   0.131754E+04  -0.627806E-02   0.128656E+04   0.114496E+04   0.614134E+00
   0.656471E+00   0.133999E+04   0.685815E+03   0.381139E-01   0.378972E-01   0.000000E+00   0.123856E+04   0.123856E+04   0.123857E+04  -0.590176E-02   0.120941E+04   0.107651E+04   0.554219E+00
   0.819834E+00   0.940089E+03   0.481171E+03   0.171467E-01   0.170492E-01   0.000000E+00   0.868938E+03   0.868938E+03   0.868940E+03  -0.414048E-02   0.848451E+03   0.755276E+03   0.311133E+00
   0.102385E+01   0.655643E+03   0.335633E+03   0.766839E-02   0.762480E-02   0.000000E+00   0.606029E+03   0.606029E+03   0.606029E+03  -0.288772E-02   0.591717E+03   0.526788E+03   0.173610E+00
   0.127863E+01   0.454838E+03   0.232865E+03   0.341122E-02   0.339183E-02   0.000000E+00   0.420423E+03   0.420423E+03   0.420423E+03  -0.200331E-02   0.410482E+03   0.365469E+03   0.963748E-01
   0.159682E+01   0.314020E+03   0.160785E+03   0.151016E-02   0.150157E-02   0.000000E+00   0.290263E+03   0.290263E+03   0.290263E+03  -0.138310E-02   0.283391E+03   0.252331E+03   0.532501E-01
   0.199418E+01   0.215863E+03   0.110536E+03   0.665654E-03   0.661870E-03   0.000000E+00   0.199533E+03   0.199533E+03   0.199533E+03  -0.950771E-03   0.194805E+03   0.173463E+03   0.292980E-01
   0.249043E+01   0.147806E+03   0.756914E+02   0.292257E-03   0.290596E-03   0.000000E+00   0.136626E+03   0.136626E+03   0.136626E+03  -0.651017E-03   0.133386E+03   0.118778E+03   0.160577E-01
   0.311018E+01   0.100846E+03   0.516458E+02   0.127858E-03   0.127131E-03   0.000000E+00   0.932178E+02   0.932178E+02   0.932178E+02  -0.444180E-03   0.910056E+02   0.810418E+02   0.877024E-02
   0.388414E+01   0.685824E+02   0.351246E+02   0.557544E-04   0.554375E-04   0.000000E+00   0.633951E+02   0.633951E+02   0.633951E+02  -0.302076E-03   0.618897E+02   0.551151E+02   0.477486E-02
   0.485070E+01   0.465028E+02   0.238174E+02   0.242404E-04   0.241027E-04   0.000000E+00   0.429857E+02   0.429857E+02   0.429857E+02  -0.204826E-03   0.419644E+02   0.373715E+02   0.259213E-02
   0.605780E+01   0.314462E+02   0.161062E+02   0.105104E-04   0.104507E-04   0.000000E+00   0.290679E+02   0.290679E+02   0.290679E+02  -0.138508E-03   0.283770E+02   0.252713E+02   0.140352E-02
   0.756527E+01   0.212118E+02   0.108644E+02   0.454589E-05   0.452006E-05   0.000000E+00   0.196075E+02   0.196075E+02   0.196075E+02  -0.934292E-04   0.191413E+02   0.170462E+02   0.758153E-03
   0.944788E+01   0.142755E+02   0.731177E+01   0.196165E-05   0.195051E-05   0.000000E+00   0.131959E+02   0.131959E+02   0.131959E+02  -0.628780E-04   0.128820E+02   0.114716E+02   0.408681E-03
   0.117990E+02   0.958722E+01   0.491033E+01   0.844709E-06   0.839909E-06   0.000000E+00   0.886212E+01   0.886212E+01   0.886212E+01  -0.422277E-04   0.865128E+01   0.770354E+01   0.219896E-03
   0.147351E+02   0.642611E+01   0.329109E+01   0.363030E-06   0.360968E-06   0.000000E+00   0.594006E+01   0.594006E+01   0.594006E+01  -0.283042E-04   0.579872E+01   0.516284E+01   0.118138E-03
   0.184020E+02   0.429952E+01   0.220173E+01   0.155736E-06   0.154852E-06   0.000000E+00   0.397428E+01   0.397428E+01   0.397428E+01  -0.189373E-04   0.387972E+01   0.345358E+01   0.633960E-04
   0.229813E+02   0.287188E+01   0.147037E+01   0.666966E-07   0.663179E-07   0.000000E+00   0.265460E+01   0.265460E+01   0.265460E+01  -0.126491E-04   0.259145E+01   0.230605E+01   0.339970E-04
   0.287001E+02   0.191531E+01   0.980312E+00   0.285188E-07   0.283569E-07   0.000000E+00   0.177035E+01   0.177035E+01   0.177035E+01  -0.843566E-05   0.172826E+01   0.153713E+01   0.182311E-04
